144255,1.6602427959442139,10187
183587,2.716264009475708,37710
166477,0.09720063209533691,1029
104309,0.048772335052490234,612
140643,0.10434532165527344,701
147861,0.05598282814025879,348
185685,0.07181239128112793,485
83903,3.584210157394409,34284
123831,0.08884859085083008,697
103723,0.04024934768676758,286
148759,0.040949106216430664,316
65877,0.024524211883544922,263
86901,0.03336334228515625,230
151457,0.11365914344787598,1922
102517,0.47153806686401367,6264
171273,0.2998783588409424,2848
124137,0.08145833015441895,567
72189,0.04834604263305664,494
158367,0.42020177841186523,5503
122337,0.03258228302001953,277
57469,0.03224468231201172,289
134943,1.1780672073364258,14127
151465,7.029055833816528,45312
98615,40.64706563949585,251592
108521,0.45347046852111816,5250
86901,3.422210693359375,24743
140051,0.04920673370361328,349
107025,2.1162919998168945,29667
181479,0.5754454135894775,11516
141255,0.04912590980529785,387
117835,0.0408482551574707,277
164377,0.06509232521057129,553
125345,0.04043149948120117,347
159257,0.0635828971862793,475
201007,1.8435251712799072,9484
146655,0.048867225646972656,307
64077,1.3880889415740967,12637
122337,0.04024529457092285,302
106727,0.036279916763305664,254
92295,0.06395673751831055,329
160771,0.07059836387634277,334
141557,0.09245705604553223,508
78793,0.6709809303283691,6709
155365,0.07065916061401367,335
166773,0.08059406280517578,372
92609,0.0588836669921875,292
135547,0.0658102035522461,325
228021,0.1003420352935791,533
66183,0.1785275936126709,1927
105825,0.2971951961517334,5091
115131,0.9695134162902832,13515
179075,0.647371768951416,4494
113333,0.11468219757080078,728
143353,0.09575104713439941,743
113927,0.05687713623046875,275
131345,0.06521272659301758,320
85403,0.05184340476989746,234
109125,0.07475066184997559,393
181785,3.4953935146331787,23402
118127,0.0808265209197998,492
85097,0.0631399154663086,413
194691,0.31508922576904297,2404
153567,0.07480406761169434,398
143353,0.11967015266418457,716
116025,0.051397085189819336,293
154163,0.21988129615783691,1960
133451,0.12468576431274414,1233
59251,0.04513669013977051,173
125345,0.06882238388061523,303
91101,0.07383894920349121,365
169471,0.05585074424743652,518
82997,0.0538485050201416,271
110021,0.07081818580627441,300
176967,0.10121703147888184,549
170959,0.06272220611572266,314
178181,0.06779861450195312,333
96819,0.11669063568115234,670
173073,1.7355999946594238,23712
116331,0.05583834648132324,337
107323,0.05289053916931152,247
94413,0.07294106483459473,416
150261,6.345241069793701,115241
95015,1.6220736503601074,20740
89909,0.06259584426879883,295
138255,0.05992460250854492,307
70087,0.05389857292175293,248
91699,0.0545504093170166,266
137355,0.06681513786315918,318
158669,25.12891173362732,210533
85401,0.0728445053100586,541
122637,0.11564230918884277,885
258343,4.829126596450806,26314
180881,0.07705330848693848,406
186891,0.08331155776977539,385
159269,0.07362794876098633,628
152951,23.44555163383484,127620
112125,0.27108144760131836,1639
140355,0.06978988647460938,492
95305,0.26293444633483887,2119
164671,0.06488823890686035,341
167981,0.214677095413208,1004
161069,0.22837185859680176,1622
229817,0.09030699729919434,381
125943,5.140451908111572,50498
138853,15.523673295974731,194313
155067,1.5156652927398682,10211
169471,0.07383298873901367,371
164365,0.11295771598815918,647
139145,0.07042431831359863,400
97411,0.05977463722229004,293
111827,0.05687904357910156,277
119939,0.06916093826293945,353
105821,0.11794590950012207,725
109723,9.886081457138062,59641
76091,0.24559783935546875,3749
137051,0.2999441623687744,1861
88103,0.04115438461303711,290
162865,0.3624699115753174,1894
207605,0.14166641235351562,613
81199,5.940605878829956,67592
102507,0.07283329963684082,434
263143,0.14849019050598145,690
141557,0.05825066566467285,385
107619,0.05167579650878906,258
207009,4.5343546867370605,21695
96517,0.04787588119506836,257
122029,0.10246109962463379,787
67979,2.302307367324829,25422
150261,0.06087636947631836,305
124439,4.281275749206543,47990
96817,0.22143197059631348,1596
106121,0.038747549057006836,270
143961,0.11573004722595215,661
115423,1.2702372074127197,7592
89605,0.15846657752990723,1588
97413,56.96240186691284,370447
238229,1.751143455505371,14298
130443,0.060832977294921875,260
64671,3.9595110416412354,37091
131049,0.061997413635253906,284
113933,0.10519552230834961,907
182989,0.08461570739746094,518
93217,0.22548913955688477,1250
106425,0.09163618087768555,546
120237,0.22121524810791016,1223
62271,0.03490781784057617,207
88999,0.051845550537109375,220
121435,0.3002347946166992,2764
96219,31.113070964813232,571717
73695,4.217657804489136,45420
152969,0.4188835620880127,7201
97715,0.06139063835144043,326
122023,0.05341482162475586,254
89295,0.06147646903991699,349
174571,10.574673652648926,200989
89003,0.04770302772521973,364
147863,0.07891488075256348,442
192897,0.08272576332092285,422
210911,0.11569666862487793,439
87501,29.23887038230896,346747
103121,20.60581064224243,194341
192897,0.08351016044616699,496
108213,0.05611014366149902,243
109719,0.19667387008666992,2494
169481,0.30175089836120605,3758
118737,0.07886886596679688,509
142761,0.06660842895507812,323
95911,0.031018733978271484,231
78799,0.047859907150268555,428
177873,0.07981204986572266,468
140059,0.07580232620239258,529
95305,0.771432638168335,11550
168879,0.16058683395385742,2160
129547,0.06382942199707031,479
168873,17.273483276367188,152254
88407,0.045792579650878906,285
185689,24.246734142303467,130646
237323,0.12208867073059082,788
160459,0.06367707252502441,456
58667,0.03094935417175293,268
176381,22.772644519805908,160661
100409,0.06283688545227051,239
82691,0.03693103790283203,255
64975,0.05352210998535156,259
184177,0.08127593994140625,441
89301,0.06803083419799805,356
164949,0.16544008255004883,871
88397,0.06520962715148926,278
192899,0.39380884170532227,2986
146963,39.17188739776611,249295
168581,3.470555067062378,17659
201899,0.14264893531799316,758
147565,0.0732119083404541,356
127743,0.09402942657470703,627
114537,0.0696554183959961,351
124733,0.0747537612915039,531
184793,10.613952159881592,57767
143357,0.04790186882019043,334
82997,0.06341385841369629,267
200403,0.06981444358825684,430
119327,0.057570457458496094,257
90801,2.711555242538452,19346
149065,3.6413397789001465,23801
98309,0.14479589462280273,1292
135247,0.06595277786254883,299
173079,0.1214146614074707,782
90513,6.09072208404541,81493
95003,0.4387059211730957,7059
107323,0.05585789680480957,306
130451,2.4320425987243652,14548
83005,48.06149888038635,443362
136753,0.061850547790527344,311
153867,0.20800447463989258,1197
96203,3.9963743686676025,33174
105787,0.047860145568847656,216
118733,6.864392042160034,58066
78481,1.1828479766845703,17499
91109,0.04591798782348633,254
116331,0.06971263885498047,347
116331,0.08225893974304199,556
185085,0.08284258842468262,456
156257,0.07483935356140137,469
141253,0.06287074089050293,283
143061,0.06704926490783691,314
126531,0.14161324501037598,1865
106113,0.07873392105102539,416
78793,3.528722047805786,39901
107921,17.21615743637085,143209
74869,0.03674888610839844,199
152361,0.11473584175109863,590
145751,51.663315296173096,317143
112127,0.056691884994506836,264
82687,21.870179176330566,174360
152367,0.3377687931060791,2047
101011,1.731135606765747,18571
92911,0.04891014099121094,247
130449,57.83017325401306,352410
65281,0.027899503707885742,205
106115,2.270547866821289,14997
109421,0.046688079833984375,333
160165,0.06685519218444824,483
72783,0.06676101684570312,375
161365,0.05770230293273926,375
114531,47.304332971572876,659208
122041,0.04586958885192871,299
105823,0.07083678245544434,533
92001,0.06365776062011719,258
86295,0.34253621101379395,2702
211505,0.07068610191345215,340
67685,59.38450026512146,431780
192595,0.06484723091125488,360
83905,0.549572229385376,6796
134645,0.06281542778015137,411
203089,4.088960886001587,31457
158353,13.226036071777344,89719
132853,0.4697439670562744,3356
238231,0.09050488471984863,377
128033,0.10404372215270996,739
148455,0.06173968315124512,293
114533,0.04047536849975586,259
125029,0.07483887672424316,423
176977,3.3016884326934814,40290
132545,1.5226523876190186,14067
140953,0.09173321723937988,605
158359,3.196187734603882,51921
175483,0.14160895347595215,856
123243,0.044913291931152344,371
77883,0.0547635555267334,247
127441,0.06279158592224121,287
122935,0.5725772380828857,4438
144549,0.8377659320831299,7960
98323,0.047228336334228516,248
137343,0.07990479469299316,385
124441,0.05985069274902344,271
158367,1.330613374710083,9199
143951,0.06975078582763672,421
192895,0.08059144020080566,344
99817,0.0603337287902832,265
91105,0.05389523506164551,257
169175,0.16938185691833496,1077
141853,0.07584786415100098,458
68569,0.04376387596130371,193
229525,0.37288951873779297,2255
137347,0.41193127632141113,5281
113933,0.0568544864654541,316
148767,1.105003833770752,20769
116333,0.0752263069152832,506
187787,36.45769500732422,355245
122633,7.39675760269165,73927
212407,8.249915599822998,86407
149357,1.5584204196929932,9081
165877,0.0838162899017334,449
134053,0.08472275733947754,545
218707,0.0897209644317627,474
207009,0.09006285667419434,433
131649,0.09229707717895508,553
98905,16.24755024909973,105422
136753,0.14744949340820312,826
102211,0.06167268753051758,356
154461,0.08275890350341797,414
188989,0.07718372344970703,389
117535,0.17794275283813477,977
216905,0.5499258041381836,3700
203697,0.09378314018249512,330
47541,16.47988224029541,138818
210913,0.35507774353027344,5237
119633,0.0715634822845459,325
108219,0.3738420009613037,3020
169777,0.06685519218444824,384
91405,0.04917645454406738,253
183887,0.1206977367401123,810
119031,0.08282041549682617,340
182675,0.14243483543395996,1291
91097,0.059870243072509766,432
140961,0.06546211242675781,298
157763,4.5893635749816895,31910
40639,0.026740550994873047,161
103723,0.33903932571411133,2642
225323,0.20505928993225098,920
221117,11.249722003936768,87912
140355,0.051888465881347656,361
169771,0.06699204444885254,365
119335,0.05516672134399414,296
187491,0.09620261192321777,457
92911,51.13574433326721,413364
89901,0.577488899230957,4397
139751,0.052819252014160156,284
170981,0.07580876350402832,360
128649,0.19849753379821777,2860
126243,0.213392972946167,1586
113015,0.2467355728149414,1416
142761,0.5172085762023926,3387
148165,0.1027679443359375,639
131641,4.481645345687866,55051
141861,0.11265254020690918,838
147853,0.4546170234680176,8172
145147,0.08272552490234375,555
88109,0.052889347076416016,240
110627,1.8677637577056885,20464
95909,0.07834410667419434,447
125335,2.874392032623291,17195
120237,0.41846346855163574,4181
133755,0.08961749076843262,404
182085,0.08822894096374512,411
206407,0.6031904220581055,3373
95617,0.1434764862060547,914
115433,0.07082080841064453,357
100111,0.045908451080322266,424
113029,0.04990124702453613,277
142451,6.6867241859436035,39222
107029,0.09263467788696289,509
147861,0.04882502555847168,340
74289,0.05488181114196777,318
83585,0.08193778991699219,532
168883,0.0863497257232666,454
146061,0.07020139694213867,298
92915,2.2152106761932373,34751
102819,0.0788271427154541,458
103421,0.0678255558013916,339
68887,0.06917214393615723,598
258029,0.19789528846740723,1030
153571,0.07976913452148438,419
230123,0.10107135772705078,467
103423,0.08018660545349121,810
121737,0.6231987476348877,4514
202197,0.5932576656341553,2990
222613,0.4637794494628906,2156
212705,0.09270310401916504,439
106725,0.07766151428222656,514
134355,0.06084632873535156,283
126535,0.34711408615112305,1914
178783,0.7361748218536377,13228
64079,0.036943674087524414,197
147265,0.06179618835449219,291
121439,10.771373510360718,109551
103101,0.048810482025146484,290
139455,0.3641655445098877,2130
78179,0.2633037567138672,3904
190793,0.28409528732299805,2033
99807,0.11505889892578125,858
152349,1.3874549865722656,11056
181185,0.2114405632019043,1159
135243,0.06786584854125977,354
112729,3.273066282272339,41963
173383,0.07525753974914551,419
132239,1.6109578609466553,9724
120241,0.0778346061706543,463
82995,0.05886650085449219,291
159567,0.062346458435058594,294
103115,8.80733871459961,158710
141253,0.06079363822937012,404
165877,14.55882453918457,102833
120225,0.056197166442871094,262
201303,0.10321474075317383,523
63773,3.0123846530914307,36344
115427,0.07681679725646973,346
151457,0.07136821746826172,319
192891,0.2174968719482422,1226
96811,1.0808169841766357,10385
205189,6.655872344970703,31928
120847,0.2697560787200928,2103
114535,0.07872247695922852,409
153557,0.1447603702545166,870
197999,21.247862100601196,280049
192897,0.0606997013092041,390
142155,4.163427829742432,43889
203403,0.08572053909301758,462
100111,11.094414710998535,83956
159265,0.06786370277404785,370
107627,1.3697760105133057,12253
123543,4.169524431228638,54171
125647,0.043915510177612305,294
95909,0.05988049507141113,260
143053,0.05983591079711914,290
53859,0.05282735824584961,236
122337,0.05871295928955078,281
94713,0.08272576332092285,324
128043,0.06282448768615723,289
91403,0.04882955551147461,242
159267,0.07383108139038086,357
114231,0.07778739929199219,440
188993,0.06968832015991211,346
110027,0.09395384788513184,456
199187,0.12459921836853027,718
186589,0.08282089233398438,440
104919,0.11672616004943848,860
168267,0.12666606903076172,947
122331,0.06486392021179199,261
198897,0.32863688468933105,2828
140049,0.5824377536773682,3341
200401,0.09172439575195312,445
153857,0.07335376739501953,404
207307,0.09320354461669922,473
68585,0.05896615982055664,233
117837,0.06686091423034668,389
120831,0.06979560852050781,298
243627,0.09458780288696289,399
66173,1.7809462547302246,31361
72481,0.14738726615905762,998
126837,0.13389921188354492,813
194991,0.09278130531311035,800
149663,0.7184243202209473,5678
210305,0.10566568374633789,754
168873,2.0584161281585693,13137
140653,0.09321784973144531,949
123235,0.14760160446166992,765
186591,0.07605981826782227,363
151765,0.06686115264892578,347
134047,22.09387755393982,227459
135839,0.06084442138671875,445
142157,0.550248384475708,3818
91091,0.17701315879821777,1376
122637,0.24721932411193848,2200
169475,0.22941040992736816,1506
158365,0.06377530097961426,297
156263,0.13754963874816895,808
103725,0.06015801429748535,263
131051,0.11370086669921875,658
204609,0.08777165412902832,449
126239,1.3684420585632324,13004
83291,22.629844903945923,209930
110325,0.3882291316986084,4008
153261,0.09857892990112305,625
113939,36.09940814971924,229256
211207,0.2651503086090088,1333
266143,1.1999828815460205,5890
200101,2.390315055847168,32408
132551,0.052794694900512695,299
81793,0.057540178298950195,222
89605,1.662635087966919,10764
158359,0.07684159278869629,395
139749,20.523387908935547,226891
155065,0.05822324752807617,349
62571,0.7221360206604004,4942
161071,5.335572957992554,33510
217203,0.08177542686462402,476
92009,0.08268332481384277,423
120539,0.06559085845947266,295
149361,0.06455183029174805,305
155663,0.07326459884643555,325
261643,0.7814395427703857,4370
177275,0.06980156898498535,366
158369,0.09073472023010254,488
118423,0.19050288200378418,1906
101911,0.049855709075927734,236
118137,5.256632089614868,39489
157765,0.10838150978088379,502
170075,5.14892578125,58024
198595,0.39467835426330566,2843
143653,0.06187701225280762,287
165277,0.0750894546508789,305
129847,0.06185126304626465,312
104621,0.10057997703552246,745
75497,0.14232516288757324,793
66777,0.02716803550720215,212
121735,0.13367390632629395,1053
155671,0.0947873592376709,577
98309,0.3520352840423584,3081
160465,0.3132047653198242,1984
219319,0.6592707633972168,2999
148757,0.17847752571105957,1470
110027,2.7417378425598145,37391
141559,0.18150019645690918,1028
151769,4.106613636016846,23947
113919,0.07381153106689453,600
64381,0.09717726707458496,665
107917,2.6981232166290283,52946
206405,0.09172797203063965,483
140637,0.05317568778991699,275
110921,0.10674452781677246,608
138853,0.08546948432922363,503
151467,0.18856406211853027,1000
216011,0.08878421783447266,390
205205,0.07877826690673828,366
172177,0.2833683490753174,2656
188087,0.0642693042755127,331
163475,0.5149917602539062,2736
94117,0.05388236045837402,259
86605,0.05987882614135742,278
139437,6.3612682819366455,44071
223815,0.07383418083190918,377
134049,0.0808250904083252,304
193495,0.07758808135986328,454
92911,0.22696399688720703,1875
88703,1.3914449214935303,11177
110925,0.08623623847961426,665
134045,0.24423813819885254,1702
140655,5.328184366226196,28628
84489,0.04776358604431152,252
140347,0.054497718811035156,378
134949,3.9002819061279297,34549
81791,0.05401110649108887,324
130745,0.07679224014282227,379
93507,0.04576826095581055,254
227417,24.989456176757812,170196
143959,0.09519433975219727,611
116923,0.05987691879272461,273
191101,20.7437424659729,127030
222917,0.058464765548706055,340
142453,1.885636568069458,11090
260737,1.0269529819488525,9992
163465,1.675048828125,10014
140963,0.18348002433776855,1453
196199,2.1278860569000244,11914
55361,0.29871320724487305,2528
163469,0.08380126953125,386
131047,2.1856906414031982,11978
197695,0.1805117130279541,1293
190193,0.07486081123352051,356
144257,1.1433053016662598,6647
198897,0.10277915000915527,616
191391,1.5838546752929688,10813
171875,0.49707913398742676,2625
162565,0.1555008888244629,1359
107023,1.057603359222412,9023
127143,0.6324529647827148,9961
122337,0.3381962776184082,1918
98317,0.057825326919555664,277
64683,1.2736563682556152,21577
116035,0.05644941329956055,259
129249,0.12264752388000488,861
123245,0.07148170471191406,337
127143,0.06073307991027832,280
100707,5.0688652992248535,32474
134349,0.1126713752746582,1098
136743,0.08253288269042969,479
61965,0.04511380195617676,216
110323,0.07580447196960449,423
164375,0.09257173538208008,449
91403,0.12765884399414062,888
188393,0.08580136299133301,405
176377,0.16745901107788086,1003
79091,0.05888223648071289,251
104015,0.06206631660461426,261
192291,0.07663345336914062,353
147565,0.06385374069213867,326
101323,0.09678077697753906,811
102523,0.05822348594665527,249
48763,27.607581853866577,278562
119939,0.07267069816589355,286
82097,0.05972433090209961,236
234925,0.09080839157104492,447
150859,0.08357906341552734,558
197099,0.09176063537597656,421
108813,0.05888223648071289,241
211509,0.06087088584899902,367
93217,20.030855417251587,122653
137655,0.05965566635131836,318
180877,0.09441781044006348,449
63773,0.03085613250732422,191
159875,0.06980705261230469,568
194393,3.4952902793884277,17998
124137,0.059624671936035156,290
192295,0.2543625831604004,1938
164669,8.404376745223999,50325
236123,0.23149394989013672,1628
140355,0.05963945388793945,288
141259,0.06884312629699707,318
164065,0.08160257339477539,471
147555,0.48998355865478516,3606
108529,1.5330860614776611,18339
151761,0.09172892570495605,448
188087,0.0758359432220459,336
125643,1.5362377166748047,10390
188693,0.10534501075744629,711
133445,0.07782101631164551,496
89911,0.05311727523803711,250
128643,0.05782604217529297,300
106427,0.05884218215942383,327
156567,0.0688333511352539,348
90495,0.06033968925476074,352
122637,0.061864376068115234,280
81197,0.05084633827209473,247
149351,0.0687873363494873,389
160161,0.13968515396118164,1745
175483,0.05986952781677246,417
158371,0.18433904647827148,1089
158365,4.755621671676636,25583
132541,0.06403398513793945,303
92605,0.04874396324157715,227
94409,0.0726766586303711,498
209391,0.08779644966125488,354
95301,1.6282665729522705,22927
132849,0.8962478637695312,8369
137051,0.5959515571594238,5562
218713,0.09977221488952637,472
128045,0.0388944149017334,273
98009,0.05071377754211426,231
179977,35.83573007583618,198026
167671,0.25775671005249023,1352
157167,0.2672891616821289,2070
220811,0.13765764236450195,736
145453,26.24255609512329,151425
70679,0.042861223220825195,206
133457,0.10187959671020508,862
67079,0.045571327209472656,330
180879,6.187179327011108,31608
103427,0.0828096866607666,635
134049,0.05987715721130371,277
123239,3.336878776550293,35633
130449,5.9688262939453125,86721
124741,1.7263505458831787,16984
141255,24.222875118255615,131840
134951,1.0629076957702637,6007
93199,0.06815123558044434,381
103419,28.9005446434021,223415
159871,0.06363654136657715,332
86905,0.05988311767578125,250
83891,0.055891990661621094,213
155061,10.17994999885559,61365
140941,0.8003909587860107,5220
83901,0.06389403343200684,378
202805,0.10176849365234375,456
79061,0.04071950912475586,183
192295,0.08676767349243164,442
140647,0.07371830940246582,478
174875,0.07796669006347656,331
95611,0.11557269096374512,1023
187495,0.07158136367797852,323
66773,1.024345874786377,9197
165271,5.543095827102661,43133
188995,0.06306314468383789,393
145463,0.10390329360961914,421
160165,0.04525041580200195,346
198293,0.08054542541503906,400
78481,0.05293130874633789,244
140355,0.2692227363586426,1581
129845,0.06538748741149902,377
140647,0.4674556255340576,3162
180887,0.11011910438537598,617
108231,0.0707712173461914,377
204905,0.4234342575073242,5875
149971,0.08081459999084473,530
142455,0.08020281791687012,409
117239,0.05089759826660156,332
129535,6.11599063873291,37285
92911,0.14150476455688477,827
144257,0.07466888427734375,337
111525,0.10272979736328125,622
153255,0.0897982120513916,726
124425,0.06279301643371582,350
122029,2.322669744491577,26575
186881,3.1933445930480957,23115
55061,0.04986763000488281,592
135553,0.1165308952331543,1398
133153,0.0617067813873291,280
124141,0.0564117431640625,305
111215,0.20946216583251953,1923
95011,0.1620166301727295,1314
142449,0.18745064735412598,1368
140645,0.07782959938049316,283
75785,0.041915178298950195,213
148753,0.07181382179260254,282
184789,0.11273932456970215,608
148147,1.1794085502624512,8674
133749,0.1716899871826172,1128
158067,0.09967398643493652,467
85401,0.0638580322265625,234
171577,0.07426929473876953,310
117831,0.07084941864013672,399
181485,0.08343815803527832,367
202509,0.09872841835021973,468
119633,1.0448644161224365,12976
166175,0.20232510566711426,1645
208209,0.08760333061218262,421
153863,0.06694626808166504,304
145159,0.07006025314331055,298
169167,0.09440732002258301,469
194701,2.815971851348877,22422
164373,0.06847190856933594,479
158069,0.07582354545593262,342
211197,0.15462422370910645,806
154763,0.0963895320892334,563
90503,0.07973742485046387,382
162875,4.7344441413879395,28553
143363,0.04491114616394043,300
99519,51.26218128204346,407779
194099,0.07079219818115234,373
224717,6.924468040466309,32477
114835,0.11282873153686523,1111
179087,0.09007453918457031,344
123241,0.06786036491394043,372
233425,0.41442298889160156,1914
83903,0.05782318115234375,373
102811,11.849624633789062,138798
132843,0.06270623207092285,314
134955,0.07477331161499023,327
185077,0.09807372093200684,662
175773,0.10957098007202148,1021
142761,2.620852470397949,29134
172485,0.44625306129455566,2235
156561,0.11572980880737305,895
131341,0.2821476459503174,1558
146359,7.791094541549683,88964
153267,0.1664590835571289,1242
104007,0.05781960487365723,290
168863,30.57365369796753,400500
114813,0.039931297302246094,236
91409,6.171180725097656,40664
137951,0.0776205062866211,298
179081,0.06292605400085449,336
130139,0.22971224784851074,1904
68579,0.04986095428466797,224
154157,9.719180822372437,124370
151459,0.053672075271606445,289
144861,0.08874249458312988,404
119639,0.3212089538574219,2118
115133,0.038901329040527344,267
151453,0.059717416763305664,290
122339,0.19101953506469727,1622
226815,0.1615140438079834,1582
101021,0.21936869621276855,3041
175477,0.06968855857849121,329
124739,0.08819961547851562,530
267347,0.09972953796386719,440
58065,0.0387270450592041,185
137349,0.07202029228210449,312
53859,0.046823978424072266,196
86593,0.05028247833251953,219
119939,0.07281160354614258,379
73987,0.11245465278625488,689
78497,0.04488682746887207,226
156865,7.0938966274261475,134706
71581,0.432819128036499,3347
107315,0.14864706993103027,1131
116931,0.6422789096832275,6489
126537,20.71639370918274,174490
131645,0.05088949203491211,276
209709,2.5548112392425537,16938
144549,0.16455435752868652,1559
134343,0.08466100692749023,509
107019,0.05689573287963867,263
149363,0.08577632904052734,343
158665,8.53951907157898,51868
134941,0.06755995750427246,298
121129,0.07053422927856445,311
189597,17.738739728927612,86656
158363,0.8607697486877441,5653
260443,0.12369680404663086,586
142463,0.06861066818237305,366
160765,0.0638117790222168,317
86303,0.04915881156921387,231
160163,8.161864519119263,56414
75791,40.37000918388367,312725
90501,1.1828553676605225,11587
98907,1.4258739948272705,20372
176373,0.11572909355163574,641
74285,0.042070627212524414,214
152057,0.20946836471557617,2478
109729,0.07165741920471191,515
117829,0.0595245361328125,315
156569,53.325584173202515,404506
152367,8.120478868484497,125546
179083,0.09053206443786621,559
131045,0.06586146354675293,276
99819,23.338471174240112,347172
137639,0.360107421875,2965
113011,0.10469269752502441,987
179969,0.07663583755493164,440
199497,0.19526934623718262,2042
121133,0.0715181827545166,388
125939,0.05980253219604492,335
128347,0.09915590286254883,506
224111,0.0808403491973877,420
78489,0.042260169982910156,206
89605,0.2948594093322754,1832
188991,0.08282089233398438,400
159877,0.06885385513305664,310
102507,0.049863576889038086,249
79989,1.12188720703125,7623
123833,0.06386828422546387,339
117523,0.05485081672668457,284
87505,0.04674649238586426,321
54759,6.411884069442749,99215
163475,0.1125802993774414,1062
143345,0.04620933532714844,278
101021,0.037848472595214844,252
113325,0.05472445487976074,275
100715,0.05487775802612305,279
35831,0.03790640830993652,160
125943,0.07179856300354004,303
45447,0.04491829872131348,293
108813,1.7525064945220947,11861
170683,0.07367873191833496,369
120829,0.1586005687713623,1523
131047,0.47376084327697754,7989
128043,1.4345715045928955,8025
200101,0.1989893913269043,965
125643,0.3600754737854004,3301
156273,0.05932497978210449,327
140947,0.10073447227478027,343
147261,0.0916590690612793,442
139153,0.7334082126617432,9830
128643,13.066601514816284,231322
162271,4.229052305221558,46265
191391,0.12757396697998047,994
237027,0.29708075523376465,1568
147263,0.06967425346374512,371
156573,30.116971969604492,178359
130443,14.694071531295776,208638
121131,2.0693023204803467,15382
96803,0.43138861656188965,2644
175781,0.5445761680603027,5439
172779,0.06585502624511719,322
200699,0.1375575065612793,789
152663,0.6178107261657715,4700
184793,0.08276128768920898,489
197403,0.07760357856750488,401
107021,0.1725757122039795,1289
166171,0.048909664154052734,335
119331,0.23938608169555664,1678
165575,0.35792112350463867,2094
147553,4.3614182472229,34099
179979,0.2553434371948242,2767
203707,0.08055233955383301,399
204009,0.09493064880371094,383
139149,0.09558534622192383,673
85095,0.28279805183410645,2215
145463,0.07384824752807617,393
239731,0.1611013412475586,994
107335,0.05990266799926758,261
59559,0.3460559844970703,4166
120231,0.13806915283203125,762
112731,0.1356348991394043,1313
174577,0.11469793319702148,619
129841,0.05886554718017578,354
191095,28.8683660030365,416182
85707,0.07676887512207031,246
97423,0.048500776290893555,344
113035,0.06362581253051758,306
53561,0.03794550895690918,293
141559,0.12161517143249512,645
98307,0.04280686378479004,324
118139,0.08258748054504395,505
101001,15.410571336746216,212048
162265,27.957624197006226,341776
102519,14.34827446937561,151886
103121,19.985628843307495,129635
145465,0.05083012580871582,356
167973,0.12271261215209961,786
139453,0.10551667213439941,514
99519,0.07593917846679688,275
161371,0.07585310935974121,404
141559,0.06885504722595215,285
166483,0.07642173767089844,370
181787,0.10373258590698242,558
208503,0.56111741065979,6800
64661,1.0921688079833984,15915
190189,0.15961694717407227,1090
212111,0.0837702751159668,462
98907,0.6862704753875732,5156
129845,22.79466199874878,251913
137951,0.045879364013671875,288
155051,0.18931841850280762,1599
74889,30.773818969726562,581074
130743,0.051886558532714844,272
100105,0.3387436866760254,2177
216907,0.07779788970947266,412
148763,0.09574723243713379,731
220209,0.08974552154541016,447
175479,1.6091763973236084,29015
96815,0.21751046180725098,1461
157161,0.0648655891418457,345
130439,1.983642578125,11504
181177,0.12076663970947266,613
138855,0.051225900650024414,340
122633,0.06765270233154297,350
95013,0.056113243103027344,248
113331,0.25432372093200684,1606
189891,0.10056066513061523,519
135555,0.07828807830810547,371
108823,0.06871223449707031,246
186885,0.07374334335327148,400
182981,0.08377313613891602,427
83291,0.10529637336730957,911
112727,0.0677635669708252,321
137043,0.052959442138671875,343
93497,0.06716728210449219,499
179687,0.19292926788330078,1843
183281,0.10393905639648438,544
133145,0.05379676818847656,284
110631,0.04381084442138672,296
119931,0.7747883796691895,11168
170373,0.09079694747924805,657
139135,0.05782938003540039,417
155663,1.68440580368042,15631
52651,39.26266622543335,561635
151169,0.06567549705505371,368
102823,0.06652498245239258,379
177585,0.10625982284545898,844
117537,0.19966650009155273,1191
71567,0.057535409927368164,433
88401,0.19031548500061035,2698
121111,40.42584300041199,380424
186593,11.205926895141602,60395
133451,0.05685305595397949,321
143961,0.15474510192871094,805
63769,0.04479551315307617,217
168885,0.07878661155700684,378
66771,0.04503488540649414,222
78187,0.7928838729858398,5426
206101,2.7779641151428223,12826
130145,0.06165671348571777,300
151155,36.30249261856079,201270
132843,0.3512275218963623,2614
78479,0.050811052322387695,207
119033,36.85176658630371,274044
101313,18.455041885375977,197271
103423,0.1833057403564453,2194
115733,0.08278322219848633,533
179087,6.288531303405762,58517
157161,0.07782125473022461,436
124141,0.3316171169281006,1821
111497,0.4318532943725586,3052
70681,0.03103923797607422,208
234023,0.13767528533935547,610
152359,0.18131804466247559,1036
134039,0.26182126998901367,2454
132841,1.0925447940826416,8096
204899,0.0887763500213623,457
158671,0.07606983184814453,387
118127,2.4062230587005615,16484
119943,0.10472726821899414,623
86307,0.0585024356842041,290
140049,0.669236421585083,5918
120229,0.059151411056518555,296
92597,0.6492547988891602,6211
125341,1.1288719177246094,18911
117227,34.58867430686951,205221
113919,0.9484577178955078,14758
126237,0.19846367835998535,2031
117827,1.087907075881958,14628
126235,0.06031942367553711,255
158363,0.06423258781433105,334
201299,30.58651566505432,148503
97711,0.10475325584411621,1513
43053,0.0443263053894043,172
86905,2.803178548812866,53898
189897,0.6852328777313232,7585
86601,0.06471800804138184,413
103409,0.07977151870727539,612
148457,0.3091092109680176,2328
79391,0.0743556022644043,486
162273,0.09677743911743164,559
124439,0.05903220176696777,304
69787,0.45379209518432617,2889
149365,9.410836219787598,178715
174277,0.2034919261932373,1743
148743,0.07970857620239258,455
172781,0.9337787628173828,5173
116335,0.05679798126220703,273
111825,2.386784791946411,15382
120229,0.05984830856323242,262
144861,0.29050302505493164,1657
106725,0.9910857677459717,6982
115129,0.09170222282409668,518
136153,0.08362889289855957,399
141253,1.6851134300231934,12750
130139,0.09674906730651855,673
101921,0.09753751754760742,612
89001,0.06187248229980469,370
227117,0.08588743209838867,408
162877,0.06566166877746582,373
160455,1.1752188205718994,10697
98315,3.5577754974365234,27366
120235,0.3656425476074219,2373
89307,0.21383237838745117,1859
57467,0.04885506629943848,245
130741,0.19432711601257324,1784
143055,9.704886674880981,144039
194089,0.6657073497772217,3470
204607,0.1446537971496582,1052
120235,0.07384228706359863,298
92303,0.05836606025695801,290
191093,0.07546424865722656,489
103725,1.2808237075805664,8649
206997,0.2587013244628906,1182
155059,0.06205415725708008,317
95617,0.5105664730072021,3043
100421,0.06540346145629883,406
179383,0.08777093887329102,408
75795,0.060680389404296875,358
143951,0.0668647289276123,318
153563,0.06469988822937012,316
99511,0.03581881523132324,264
92005,0.21639275550842285,1333
110931,0.11269211769104004,1132
101617,0.41688966751098633,6168
109421,0.06873655319213867,373
100117,0.07469439506530762,291
107323,0.06687259674072266,258
144553,0.05463695526123047,305
88109,0.049902915954589844,252
126837,0.11427116394042969,962
108211,0.051699161529541016,277
61675,0.051511287689208984,206
111529,0.832312822341919,7291
168273,0.07582259178161621,413
271247,0.09479093551635742,404
161669,0.10727500915527344,620
156271,0.9779112339019775,16136
145757,0.06337809562683105,342
169171,0.06883931159973145,305
145761,5.197656154632568,32043
139759,0.07081842422485352,340
89603,0.2432863712310791,1508
167069,0.06864690780639648,396
142755,0.12366580963134766,791
138257,0.06390047073364258,334
97411,0.07178473472595215,452
119639,0.13961076736450195,754
112733,0.05594801902770996,287
96209,0.05466485023498535,444
128631,0.12223482131958008,974
176381,0.06567835807800293,347
197381,1.3784058094024658,7517
122341,0.06298589706420898,340
128045,0.0730588436126709,362
155361,0.06368112564086914,324
244225,0.08984017372131348,500
129541,0.10256075859069824,814
146967,1.9390807151794434,30586
149967,0.5355393886566162,2806
79975,0.04396986961364746,201
164967,0.4404432773590088,8109
68579,0.04813194274902344,220
121141,3.938680648803711,24775
77587,0.06045174598693848,344
132247,0.3111751079559326,3368
109425,10.467760562896729,75797
92609,0.03488039970397949,249
96203,0.06540465354919434,273
122643,49.92046403884888,485450
75789,0.043532609939575195,256
191995,0.07761883735656738,367
69787,0.03299283981323242,220
233711,0.09876298904418945,471
168577,1.2947797775268555,6345
109725,0.060923099517822266,303
180583,0.07328534126281738,392
149359,0.29854273796081543,1717
120529,6.389828681945801,40354
164377,0.10275053977966309,476
95009,0.14588546752929688,1694
152661,0.08877038955688477,486
91109,0.3149862289428711,2622
177287,20.484114170074463,143675
134047,0.057575225830078125,386
172167,1.0530650615692139,6201
175179,0.542553186416626,7809
142157,0.17654681205749512,929
114529,0.0545191764831543,262
152357,0.7470014095306396,5474
176683,0.07178497314453125,349
140649,28.04725956916809,269915
89311,0.06582784652709961,292
79397,0.05987906455993652,266
142753,2.264209270477295,12561
150555,0.18537044525146484,1500
89907,0.055855751037597656,293
130741,0.053674936294555664,348
172169,5.082437038421631,29124
105519,2.9569430351257324,50657
82697,0.04897308349609375,287
118727,6.89315128326416,54256
223215,0.41724538803100586,2116
96211,0.05362820625305176,248
183891,0.09060049057006836,440
156865,0.07280135154724121,323
153865,0.06921625137329102,332
149953,0.14432525634765625,1454
125647,23.464886903762817,262853
140045,0.06281018257141113,355
119013,5.222301721572876,48192
113333,0.04885578155517578,318
198297,0.11403083801269531,662
141555,0.27677321434020996,1769
105215,0.05688667297363281,250
161373,0.0827789306640625,313
145755,0.06070756912231445,336
122339,0.0583646297454834,286
120233,3.7964274883270264,22723
108829,0.05443453788757324,278
134651,0.2875547409057617,1978
76695,0.07184529304504395,406
111225,0.10572052001953125,848
162577,0.06734395027160645,333
104025,0.051764726638793945,255
192889,0.08282756805419922,605
209107,0.149857759475708,771
163471,0.06912374496459961,301
101325,0.06876587867736816,249
118737,0.058954715728759766,326
56265,0.06753706932067871,461
99815,0.06463217735290527,366
150561,0.06785941123962402,472
139751,0.07674431800842285,476
120229,0.7192785739898682,5172
180283,0.3998425006866455,2182
112127,0.06685805320739746,313
131945,0.06677389144897461,322
139143,0.07779884338378906,403
123237,0.045603275299072266,358
101305,0.40889596939086914,6448
122937,0.29106950759887695,3214
136753,0.08980083465576172,683
124747,0.10966157913208008,725
73691,0.03692936897277832,331
200403,0.15363526344299316,773
133737,2.049778461456299,25188
110635,22.70542001724243,259931
138853,0.0538640022277832,333
164367,3.7221333980560303,28114
106109,0.0668489933013916,450
99513,0.06209588050842285,260
111227,1.763808012008667,30944
104007,0.053874969482421875,228
122633,0.3321533203125,3378
122335,0.05501985549926758,259
108829,0.12175869941711426,617
105519,0.03992891311645508,258
146361,0.06048583984375,286
125637,0.06652569770812988,335
167377,0.09508585929870605,729
265535,0.10157084465026855,437
138549,0.11221766471862793,769
199195,0.18239831924438477,1383
199499,0.15938425064086914,928
156863,0.07779908180236816,375
233417,0.10972976684570312,523
140957,0.0817258358001709,347
109127,0.3265678882598877,4779
103719,0.054543495178222656,246
90807,0.05483698844909668,254
128049,20.51876711845398,375468
183587,0.06068897247314453,330
102819,0.03628873825073242,281
148757,0.07403993606567383,396
114225,0.8000795841217041,6095
166479,0.0709218978881836,452
195597,0.08146023750305176,387
113933,1.022913932800293,7165
131945,0.06687045097351074,295
122039,0.06558084487915039,319
146953,0.041925668716430664,305
175481,0.07578110694885254,371
101919,0.5104784965515137,4466
251729,0.09085392951965332,413
93507,0.11872434616088867,705
129847,0.06742119789123535,397
148767,0.0718374252319336,326
138853,0.07877683639526367,312
124143,0.06083369255065918,321
151767,0.2790985107421875,1672
229813,0.09742593765258789,516
155971,0.08368873596191406,335
184193,0.08975386619567871,472
89005,0.05583310127258301,315
127445,0.07877993583679199,318
134647,0.0756385326385498,345
146961,7.246280193328857,45362
101019,0.20073223114013672,1697
102217,0.05401182174682617,271
185383,1.117588758468628,11921
115733,0.06086087226867676,262
197095,0.07686328887939453,396
161069,0.12981796264648438,688
177585,0.0779428482055664,342
93801,0.664741039276123,7613
188687,14.620680570602417,90902
64681,0.1025705337524414,941
132851,0.06781697273254395,294
135535,0.04872918128967285,325
202197,0.0758218765258789,404
100413,0.0626516342163086,294
150257,0.0666348934173584,314
169475,0.0708463191986084,397
106125,0.05672264099121094,282
92309,0.08177733421325684,679
187487,0.08182001113891602,349
116025,0.034622907638549805,262
113027,0.06112217903137207,295
67381,0.05585741996765137,246
184485,0.35407328605651855,3745
79695,0.05388951301574707,284
206109,0.08379507064819336,383
141855,49.41474890708923,364634
134647,0.0699920654296875,391
169779,0.09977316856384277,537
130433,0.3636007308959961,2476
175775,3.8447444438934326,31727
163777,0.06163811683654785,366
94111,0.3586864471435547,2397
146659,0.06977343559265137,337
167981,1.162313461303711,16178
110029,0.05575966835021973,262
136745,1.0647883415222168,7098
103415,0.04339289665222168,281
227713,0.08878731727600098,404
185995,0.12266826629638672,546
147263,0.22915887832641602,2492
137355,0.05588030815124512,300
191095,0.18521904945373535,1056
154159,0.09734225273132324,535
121439,0.057639360427856445,551
112127,0.04167366027832031,313
220511,0.17629194259643555,946
120233,0.043879032135009766,304
137349,34.30813956260681,275811
125635,9.082979679107666,58086
126541,0.058838605880737305,435
153259,0.08276891708374023,354
147255,0.4185519218444824,3392
160761,0.10425233840942383,500
126833,0.04876995086669922,291
145759,0.09291887283325195,476
153571,0.06080055236816406,334
134649,0.14560389518737793,1128
178469,20.53485083580017,375916
101023,0.04595065116882324,264
158967,1.987335443496704,18592
118137,0.06485295295715332,288
227709,0.06937360763549805,356
125633,0.16955041885375977,2068
134651,0.780522346496582,10501
121141,0.05092477798461914,365
245129,0.14963984489440918,1278
106427,1.290536642074585,8106
87805,1.2612428665161133,12824
118729,0.0628213882446289,373
67085,0.03874564170837402,220
126249,42.9366717338562,328519
160463,0.0687246322631836,454
112127,1.6134660243988037,12091
222311,0.0906820297241211,414
175781,0.07679486274719238,467
149051,0.7451832294464111,6600
154155,0.11858129501342773,814
144261,0.2772221565246582,1594
186587,0.07483720779418945,460
82093,28.31051516532898,205681
166477,0.0633385181427002,380
149361,36.77155375480652,194516
155069,0.04986286163330078,335
110035,0.06187558174133301,267
99813,0.049627065658569336,303
184797,0.44352078437805176,3438
114529,0.407550573348999,4812
125627,0.47550201416015625,3113
115737,0.08677482604980469,645
142157,0.16858744621276855,1242
120227,0.050310611724853516,253
107013,0.18454742431640625,1757
47259,0.0256650447845459,229
128639,11.454124689102173,83441
53853,0.027733564376831055,193
106727,3.651171922683716,50661
213901,0.08069133758544922,498
170377,0.7002556324005127,5975
154767,0.060843706130981445,295
112733,0.060629844665527344,260
199175,1.8322515487670898,13904
119633,3.7576801776885986,23662
116033,0.06087470054626465,403
177275,0.08082270622253418,362
169163,0.06011795997619629,363
151155,0.7810921669006348,6068
134939,0.06746125221252441,316
81197,0.05772852897644043,270
118129,0.06190848350524902,284
160471,4.298801422119141,22473
173081,0.10009288787841797,541
66153,0.04577231407165527,172
139445,0.0681757926940918,349
216307,0.09873008728027344,652
67077,0.08882522583007812,448
172483,0.10205078125,520
146357,1.0783352851867676,9580
163473,0.08263158798217773,470
249633,0.08473396301269531,411
63469,0.05123424530029297,291
141861,0.10276532173156738,681
91405,0.0678555965423584,445
147859,6.27416467666626,33432
134953,0.0536952018737793,308
99513,0.04427075386047363,350
133741,0.05664491653442383,292
159573,0.0849144458770752,302
134639,0.09241652488708496,563
222317,0.08535385131835938,405
106425,0.06618404388427734,418
137051,57.91292119026184,364640
48439,0.03848075866699219,292
201299,0.08074593544006348,364
113017,2.449974298477173,31701
204597,0.41687750816345215,3258
141853,1.9129674434661865,10373
104915,0.09703731536865234,640
246029,0.10466217994689941,536
88403,0.07581782341003418,596
144259,40.888432025909424,303801
