30432,0.016034841537475586,144
20202,0.08938479423522949,1012
35840,0.03199648857116699,158
32236,0.03999042510986328,160
70386,0.03498530387878418,318
25012,0.4100489616394043,8591
55970,0.03180360794067383,213
14192,0.03185224533081055,322
32836,0.024001121520996094,166
22614,0.011024951934814453,174
32538,0.02027750015258789,220
53564,0.025164365768432617,188
52958,0.04945516586303711,224
35840,0.015459775924682617,171
4868,0.008969545364379883,106
65576,0.04996943473815918,385
32236,0.16898727416992188,1328
28626,3.2299466133117676,28503
69192,0.3093986511230469,2044
14794,0.010232686996459961,101
16002,0.039786338806152344,117
46662,0.04956364631652832,237
22906,0.11514997482299805,1731
40650,0.03963184356689453,240
45456,0.049758195877075195,196
27124,0.0350794792175293,134
43348,0.02066493034362793,175
18690,0.04973959922790527,332
14192,0.0299680233001709,103
30730,0.03987383842468262,184
15690,0.059586286544799805,557
52362,0.8993179798126221,15552
35838,0.03941059112548828,194
35238,0.030349016189575195,155
23206,1.0878043174743652,12547
41246,0.020425081253051758,167
34036,0.849642276763916,11795
33738,0.09955739974975586,740
29230,0.02559041976928711,148
15702,0.019855976104736328,113
34636,0.06467819213867188,706
28030,0.03496527671813965,140
75196,0.06872296333312988,336
16290,0.019849538803100586,102
47560,22.579707622528076,166968
33136,0.07210040092468262,580
24120,0.14513778686523438,1000
50254,0.0697932243347168,1006
31632,0.01964735984802246,146
31636,0.019711732864379883,159
19312,0.029958248138427734,182
48764,0.03975629806518555,185
9080,0.02582406997680664,103
36744,0.06376504898071289,368
37342,0.05983853340148926,305
13898,5.229137659072876,54263
21406,0.0348660945892334,123
26830,0.8492648601531982,8535
19002,0.029852867126464844,115
22008,56.23426651954651,633167
30424,0.07976627349853516,777
25626,0.03998112678527832,164
25930,0.019679546356201172,136
29228,2.7294867038726807,24651
37644,0.04958701133728027,311
36748,0.04007673263549805,179
21106,0.04962515830993652,249
32232,0.0319521427154541,166
5768,0.030188322067260742,73
24718,0.9399130344390869,11416
26220,0.030988216400146484,129
19306,0.037267446517944336,123
10894,0.029282093048095703,101
22014,0.018728256225585938,258
33438,0.020172119140625,171
28022,2.414757013320923,21604
28324,0.03972148895263672,167
10582,0.00770878791809082,94
31938,0.034621477127075195,152
36444,0.09482073783874512,1024
21414,26.009390830993652,461152
18104,0.02970433235168457,161
13578,0.04485464096069336,393
32224,0.029550790786743164,150
22008,0.02974247932434082,116
19002,0.029720067977905273,113
17500,0.039461612701416016,152
13284,0.025241374969482422,92
40052,1.964402675628662,18002
31028,0.07007932662963867,655
40344,0.649221658706665,9938
25322,0.029834508895874023,130
18700,0.08983492851257324,1060
19008,0.5597093105316162,9548
45146,0.03958249092102051,163
22010,0.03941750526428223,123
8484,0.025048255920410156,91
23216,0.02962779998779297,334
67388,0.0945897102355957,592
38234,0.06467461585998535,409
27720,0.04001617431640625,146
19612,0.009696483612060547,124
15700,0.044739723205566406,369
6682,0.020021438598632812,95
30732,0.034264564514160156,148
45758,2.8945555686950684,31148
52964,0.05972933769226074,511
33130,0.029611587524414062,262
16898,0.024785995483398438,155
42756,0.05444073677062988,265
22018,0.0394282341003418,174
16598,0.11947035789489746,1687
26816,2.669447183609009,32187
41252,0.049753665924072266,177
33726,0.08970904350280762,601
11180,0.019804000854492188,90
16294,0.09019351005554199,1046
31038,0.02269458770751953,159
12084,0.03504323959350586,103
34030,0.03966379165649414,140
26524,0.05969667434692383,378
45752,4.119718551635742,54582
40650,0.0498502254486084,334
48754,2.0393590927124023,15066
5458,30.519319772720337,565374
41254,0.4602806568145752,3672
16600,0.35146045684814453,3114
28024,0.0296475887298584,130
13890,0.03973388671875,289
18414,0.040009498596191406,157
20512,0.04529857635498047,293
33742,0.033910274505615234,175
54164,0.039140939712524414,233
20208,0.007957696914672852,117
29822,0.02472853660583496,192
53266,0.04968881607055664,201
15700,0.05980324745178223,396
19312,0.03220963478088379,198
22906,0.029544353485107422,131
33136,5.789256572723389,49456
40350,0.04996800422668457,222
2748,0.009721517562866211,53
22316,0.02946019172668457,125
51758,0.019814014434814453,206
14184,1.9750080108642578,20307
12384,5.2696146965026855,59301
21104,0.03969454765319824,326
14800,0.029743671417236328,109
14796,0.13944721221923828,2210
25920,0.03477597236633301,132
7882,0.6645925045013428,7816
35236,0.03459310531616211,151
34342,0.03482413291931152,170
48756,0.05971360206604004,303
62876,0.050638675689697266,225
23524,0.024608612060546875,134
19608,0.03977560997009277,139
19012,0.007729768753051758,119
34932,0.03958892822265625,141
37950,0.03950238227844238,186
19604,0.04013943672180176,209
25924,8.845057249069214,149839
42452,0.029897689819335938,177
17806,0.03471851348876953,118
22906,0.3595595359802246,4035
31022,0.03487753868103027,135
47860,0.04967784881591797,197
31330,1.4599387645721436,13783
20516,0.04449868202209473,281
16294,1.659243106842041,30023
38548,0.10209465026855469,1130
11794,0.02993941307067871,138
14794,0.029678821563720703,126
31634,0.01966404914855957,204
37638,0.015022039413452148,157
27426,0.033498287200927734,186
23506,0.01575326919555664,126
12394,0.02926015853881836,102
22616,0.02982783317565918,126
12988,0.03953099250793457,186
25324,0.03939342498779297,135
14480,0.5747501850128174,7840
38242,1.4844977855682373,16086
26220,0.02523040771484375,132
46358,0.04475522041320801,216
35222,0.03977608680725098,230
18406,0.02958083152770996,169
26522,0.044580698013305664,218
32238,0.04502439498901367,182
17800,0.034583091735839844,159
24412,0.02980661392211914,127
30132,0.8743348121643066,11779
28324,0.06519746780395508,471
17808,0.03008580207824707,133
22618,0.028828859329223633,133
12990,0.029781579971313477,121
17796,0.03449440002441406,109
24404,0.03993391990661621,120
10586,0.034473419189453125,120
66486,0.04979205131530762,219
18708,26.75483512878418,282458
14184,0.029752016067504883,92
43346,0.0400083065032959,175
8780,0.034998178482055664,192
39448,0.04992198944091797,192
51460,0.05825996398925781,246
24420,0.03987574577331543,226
16296,0.029775619506835938,106
24416,0.09955501556396484,859
58372,0.04487800598144531,328
26822,0.029720067977905273,160
41250,0.0896143913269043,852
8166,0.02957916259765625,127
16904,0.03481650352478027,129
33142,0.029631614685058594,152
36136,18.37455725669861,181223
27422,0.020148515701293945,146
27128,0.03956103324890137,513
22612,0.039722442626953125,119
46356,0.02984166145324707,175
20798,0.034883975982666016,103
23520,0.029517412185668945,137
19906,0.06974077224731445,588
23812,0.15492796897888184,1884
11782,0.019998788833618164,92
30730,0.04988861083984375,249
51466,0.03950142860412598,186
29832,2.529853105545044,27907
15696,0.035994768142700195,174
23820,0.034787893295288086,136
17202,0.02980637550354004,124
30130,0.029851675033569336,170
29824,0.03983306884765625,142
19608,0.026797771453857422,123
15096,0.020243167877197266,106
17808,2.049534559249878,45337
30432,0.150437593460083,2353
7260,0.024305343627929688,73
18388,0.12996792793273926,1527
40352,0.05289936065673828,384
27728,0.03458452224731445,139
45460,0.03979969024658203,234
40030,24.419350147247314,230297
28924,0.09989500045776367,941
34336,0.031853437423706055,151
13600,0.02954244613647461,149
34338,0.6397674083709717,6782
16600,0.019756317138671875,109
14196,0.034366607666015625,104
29230,0.053787946701049805,350
44846,0.03450369834899902,159
33434,0.029782772064208984,199
24414,0.029311180114746094,124
14796,0.019334793090820312,115
28928,0.029967069625854492,156
10282,0.029334545135498047,135
8172,0.14948415756225586,1986
23814,0.08933091163635254,1240
32240,0.0500180721282959,238
31634,0.07190418243408203,555
6674,0.2495098114013672,2791
76996,0.07967090606689453,537
14790,0.010013818740844727,110
27412,2.439358711242676,36867
14800,0.024736642837524414,106
39434,0.5437071323394775,5527
49356,1.439573049545288,19352
20504,0.02490997314453125,109
37040,6.5249083042144775,55700
47554,0.042980194091796875,268
17206,0.029334545135498047,118
8470,0.02013111114501953,78
37028,0.03962302207946777,224
18110,0.020120859146118164,121
25328,0.10071587562561035,1024
58080,0.03987598419189453,189
43346,0.1817030906677246,1502
34940,0.02710247039794922,239
18392,0.029407262802124023,101
18104,0.02949213981628418,126
18102,0.029766559600830078,112
24718,5.050434112548828,72328
31636,19.389955043792725,347436
15082,0.04979205131530762,467
28020,0.039424896240234375,135
7572,0.009165048599243164,81
35236,0.039516448974609375,163
38842,0.03915071487426758,180
13598,0.029469966888427734,105
40042,24.724464893341064,192731
28024,0.02980947494506836,146
31328,0.06931734085083008,515
12088,0.028998136520385742,163
9378,0.03477787971496582,108
30714,0.042557477951049805,184
28330,0.024979829788208008,158
55674,0.11505365371704102,715
26824,1.8796870708465576,24515
8786,0.24951887130737305,4513
37642,0.038721561431884766,200
44850,0.031861305236816406,167
20512,0.02926468849182129,138
23522,0.054940223693847656,325
40652,1.329660415649414,13259
23822,0.014866352081298828,154
32842,0.03480887413024902,155
31334,0.019784212112426758,167
19894,0.034569501876831055,99
39452,0.039795875549316406,168
23820,0.029990434646606445,137
20808,0.05669283866882324,284
27118,0.0686502456665039,466
23516,0.034954071044921875,161
24716,0.04485893249511719,216
48158,0.9356870651245117,7288
34326,0.020428180694580078,137
11184,0.02448558807373047,97
42148,51.68974852561951,464240
45458,0.025619029998779297,283
41544,0.03980898857116699,179
15696,0.02936387062072754,123
27116,0.029948711395263672,135
40050,0.034844160079956055,171
25624,0.02979135513305664,348
22606,0.02942633628845215,136
15094,0.030360698699951172,113
54468,0.5494966506958008,7836
19008,0.029203414916992188,119
22608,0.024909019470214844,119
49366,0.09002947807312012,649
43352,0.15018606185913086,1299
44852,0.04064464569091797,171
19310,0.029813766479492188,175
16300,0.007605314254760742,112
30432,45.169509410858154,382364
29828,0.029954195022583008,176
15102,0.019752025604248047,138
21118,0.058698415756225586,486
27120,1.2092382907867432,10745
61682,0.02958965301513672,234
28628,0.035001277923583984,136
59574,4.8497350215911865,89343
17198,0.058454036712646484,502
33120,0.0296938419342041,150
38544,0.019852638244628906,181
38548,0.08476853370666504,543
47562,0.020344018936157227,192
16598,1.5497856140136719,22544
27424,0.03951072692871094,149
31026,0.04000043869018555,169
24420,0.2897677421569824,4028
33730,0.19481134414672852,1723
22312,0.04489874839782715,244
37326,0.42963171005249023,4318
43356,0.04950714111328125,202
58076,0.05001211166381836,199
6368,0.02433156967163086,97
30128,0.054677486419677734,543
24106,0.06466817855834961,461
33136,0.10000205039978027,684
9980,0.3092958927154541,4168
28930,0.028412342071533203,169
65586,0.02956843376159668,225
41544,0.04007267951965332,241
11788,0.02087855339050293,94
11780,0.009604930877685547,86
16896,0.02946186065673828,107
22008,0.039788007736206055,122
32232,0.18449068069458008,3126
41842,3.5995287895202637,65465
29828,2.239786148071289,22747
10586,0.0348207950592041,98
30728,0.04455852508544922,194
52368,0.04425692558288574,242
11166,0.019496917724609375,79
31322,0.039472103118896484,132
25010,12.859574794769287,200064
33436,2.3094077110290527,18620
41552,0.039424896240234375,166
24124,30.47970461845398,548740
32538,0.4946138858795166,4104
18106,0.04004502296447754,116
10278,0.2402195930480957,2967
44554,0.049260616302490234,241
30426,0.04957747459411621,180
38546,0.0599062442779541,432
36132,0.029787063598632812,151
21414,0.0295259952545166,124
15086,0.024864912033081055,101
11784,0.009892702102661133,90
41246,0.039841413497924805,176
39142,0.03988051414489746,211
28634,0.029857158660888672,148
45756,0.05991792678833008,287
44254,0.03861856460571289,347
43352,0.044435739517211914,287
21116,28.454858541488647,280437
17202,0.029293537139892578,110
39146,0.029879093170166016,157
25326,0.024808645248413086,140
28318,0.03502607345581055,128
46360,0.04947209358215332,291
13592,0.07003331184387207,478
31924,0.03490018844604492,245
43652,0.02014613151550293,181
32832,0.04053544998168945,155
36746,0.2694733142852783,3043
72794,0.07474780082702637,430
35840,0.037917137145996094,174
13290,47.859068632125854,541687
22320,0.039544105529785156,232
32826,0.03957319259643555,133
5462,0.019906044006347656,70
25628,0.5152158737182617,7077
18402,0.12990570068359375,1022
23804,0.029679298400878906,118
34634,0.03975391387939453,196
20518,0.029924631118774414,126
20192,0.9997239112854004,16264
26824,0.02523064613342285,155
52664,0.04961037635803223,235
28626,0.7995502948760986,14618
50868,0.05964970588684082,362
47860,0.029573917388916016,187
17508,0.009644269943237305,120
7580,0.024904251098632812,87
30436,0.029986858367919922,179
17804,0.034853458404541016,127
31318,0.329925537109375,3493
12688,0.020434141159057617,96
43656,0.5799312591552734,5854
40346,0.11912250518798828,1465
17196,0.11993288993835449,1133
61978,0.07907748222351074,589
47858,25.78985905647278,346014
34028,0.20449590682983398,1555
42750,0.04972529411315918,281
46652,0.05954289436340332,353
46960,0.03562784194946289,173
31920,0.02950310707092285,162
43650,0.05972099304199219,355
43056,0.029485702514648438,189
49964,0.05940055847167969,511
25318,12.024394512176514,107506
21098,0.019269227981567383,113
19618,0.029941320419311523,127
7874,0.01893901824951172,84
24124,0.03982234001159668,141
10888,0.02993178367614746,103
31626,0.024926424026489258,269
26226,0.019612789154052734,153
28030,0.029355764389038086,142
34640,18.939507484436035,185806
49962,0.019911766052246094,197
18094,0.019512653350830078,164
49064,0.01970982551574707,191
31934,6.059762716293335,51673
24718,0.4096043109893799,5126
38844,0.38787007331848145,3551
32238,0.049456119537353516,289
20510,0.0296173095703125,118
16310,0.029672622680664062,120
35530,0.27952027320861816,2312
49358,0.05027127265930176,199
22908,0.029589414596557617,143
51756,0.14957928657531738,893
45154,0.013478755950927734,170
35834,0.22947382926940918,4876
48754,0.03990602493286133,175
15990,3.974363327026367,42871
24116,0.010830402374267578,127
56268,0.024032115936279297,251
19602,0.009998083114624023,125
57772,0.0451815128326416,242
18994,0.03452324867248535,110
31928,1.0507609844207764,11379
16004,19.824219942092896,191984
51464,0.03842949867248535,200
52070,0.07015252113342285,551
41550,0.020582914352416992,162
17200,0.029744863510131836,123
22928,1.3641903400421143,17468
14496,0.0343928337097168,104
31028,0.03435850143432617,153
35244,0.04003763198852539,165
46056,0.06862664222717285,722
41542,0.029892683029174805,195
25326,0.03263378143310547,133
21714,0.16930794715881348,1177
29826,0.2896907329559326,2719
41542,0.039614200592041016,167
43652,0.04298067092895508,287
34644,6.979794025421143,108814
15398,0.009043455123901367,106
30416,8.689584255218506,79425
22914,0.014663934707641602,153
19304,0.029724836349487305,121
46356,0.04986119270324707,416
19008,0.0349578857421875,155
31338,0.040015459060668945,181
29524,0.039406776428222656,196
14188,0.010154485702514648,96
38238,0.039193153381347656,318
19310,0.039548397064208984,230
15404,0.15002727508544922,1438
18406,0.04506659507751465,159
30130,0.02997756004333496,151
14802,0.03488802909851074,132
36140,0.18464183807373047,1502
17806,0.029520750045776367,115
29524,0.019705533981323242,248
24112,0.04073476791381836,157
14492,0.020099163055419922,130
19912,0.007736921310424805,136
22920,0.037198781967163086,270
39448,0.03090190887451172,162
28622,3.2389588356018066,31433
43056,0.054886579513549805,321
25300,0.04205965995788574,120
42148,0.05437135696411133,413
15104,0.0414581298828125,115
19612,0.04004049301147461,126
19008,0.05935311317443848,321
28622,0.029567480087280273,131
5772,0.01982855796813965,79
31630,0.025385379791259766,236
39748,1.4386954307556152,12728
31332,0.028902530670166016,227
44244,0.04072690010070801,389
42156,0.019435882568359375,174
31330,6.1397740840911865,64761
7582,2.8184971809387207,55368
40042,0.058806657791137695,284
32840,0.044834136962890625,217
24698,0.2396550178527832,1887
36140,0.0900716781616211,566
31330,0.03984212875366211,150
38844,0.03963112831115723,196
26528,0.029650449752807617,159
21116,0.058835744857788086,538
26824,0.03001546859741211,140
18410,0.05731534957885742,402
22010,0.029598712921142578,147
35240,0.054526329040527344,147
31628,0.408780574798584,3426
23520,0.039783477783203125,131
16602,0.029724836349487305,114
21716,0.021656036376953125,145
39146,0.027195215225219727,166
37038,3.453847646713257,60262
46352,13.479867696762085,106205
27730,0.06249737739562988,450
20206,0.09177374839782715,891
23206,0.029862403869628906,114
32526,0.039005279541015625,163
36742,0.11883735656738281,1273
27422,0.029886245727539062,134
8480,0.15704727172851562,2248
36738,0.014371156692504883,145
31030,0.039748430252075195,181
34642,0.04937744140625,289
12696,0.009437799453735352,114
23518,0.030089378356933594,190
16602,0.02963995933532715,113
53868,0.058428049087524414,305
39140,0.03974628448486328,207
21416,0.0597386360168457,452
26816,1.2388546466827393,11767
28616,0.08951187133789062,1181
22316,0.05895423889160156,484
19612,0.014329195022583008,132
20206,0.30982303619384766,3157
31032,0.048972368240356445,327
6982,0.01572251319885254,88
19310,0.01593160629272461,133
12692,0.012933015823364258,98
28026,31.431049346923828,277333
42152,0.04887509346008301,197
15098,0.6087212562561035,11443
13590,0.026909589767456055,103
19610,0.03429603576660156,121
52954,0.049904823303222656,413
16604,0.024590730667114258,109
17800,0.02756953239440918,110
24718,2.2910537719726562,38774
38548,0.034957170486450195,180
43950,0.041124820709228516,189
28618,0.04421353340148926,260
28328,0.03763914108276367,144
14196,0.03893637657165527,261
22298,9.408464908599854,186784
45460,0.04087114334106445,223
22912,0.03434491157531738,138
44556,0.03790473937988281,208
51460,0.04771995544433594,230
26522,0.030655384063720703,164
19608,0.038895606994628906,319
8482,0.835324764251709,17158
35542,0.03297090530395508,152
30720,0.03593921661376953,135
52364,0.029953479766845703,192
31032,0.08084940910339355,897
42750,0.03632545471191406,266
11168,0.010790109634399414,74
73998,0.05796504020690918,325
43646,17.498004913330078,174693
4866,0.12893009185791016,1537
55962,0.05309033393859863,383
15692,20.17239260673523,380291
16904,0.030773639678955078,127
15102,34.48062038421631,419548
54770,53.804205656051636,401652
40052,0.03481101989746094,252
33730,0.23836731910705566,3267
44842,0.2602841854095459,3065
40050,0.04452061653137207,165
11478,0.025927305221557617,85
23518,0.04471635818481445,150
38244,0.03294038772583008,240
56268,0.047798871994018555,218
26522,0.029477834701538086,137
22622,0.04331398010253906,163
27726,0.14261293411254883,1412
35840,0.03290820121765137,149
18712,0.02992558479309082,129
14796,11.067068815231323,180322
18412,0.024134159088134766,137
29526,0.032924652099609375,145
41844,0.05047488212585449,366
13590,1.1735923290252686,13270
11482,0.0259857177734375,90
38542,0.03760337829589844,198
7276,2.114222526550293,28110
42756,0.05230140686035156,408
46960,0.04886054992675781,273
25626,0.035247087478637695,153
47560,0.04371452331542969,190
23208,0.06844401359558105,743
13896,0.027869701385498047,109
42748,0.0584864616394043,284
54762,0.041542768478393555,197
12988,0.0299985408782959,127
27126,0.017950773239135742,146
30434,0.04326176643371582,143
16300,0.03690814971923828,158
35836,1.0406734943389893,9434
26810,0.12595653533935547,1359
52364,0.024989843368530273,234
30428,0.035123586654663086,141
48760,0.05584120750427246,199
26824,0.03888702392578125,165
47848,0.025934219360351562,188
20812,0.029911518096923828,148
41848,0.03387093544006348,193
19914,0.03484058380126953,144
20810,0.032324790954589844,119
11180,0.045262813568115234,451
27130,0.030500411987304688,163
27122,0.03728795051574707,289
27728,0.040854692459106445,136
16302,0.028919458389282227,107
26810,2.450382709503174,44295
38838,0.03682732582092285,178
22618,0.04117894172668457,271
28628,0.036383628845214844,159
8780,0.027012109756469727,87
28926,0.03036642074584961,219
41856,0.5245835781097412,9670
27428,0.17306947708129883,1997
27424,0.03812122344970703,164
19910,0.02694416046142578,123
51762,0.04391145706176758,242
33124,10.10178828239441,217023
16594,0.025936365127563477,101
14194,0.03264474868774414,99
22306,0.024880647659301758,121
58074,0.15011811256408691,1116
27726,0.04089546203613281,252
25922,0.5412013530731201,6868
45458,0.0459439754486084,292
34942,0.044817209243774414,233
25610,0.11153101921081543,1054
49656,0.19081354141235352,1516
36740,0.021948575973510742,169
20506,0.042882442474365234,289
43048,0.042627573013305664,237
23812,0.03176522254943848,118
23812,0.2662923336029053,4877
14496,0.030946016311645508,132
36732,0.16941165924072266,1499
16002,2.801783561706543,35432
48766,0.04292726516723633,179
24412,0.04851174354553223,286
34040,0.09761452674865723,937
13896,0.022983074188232422,103
18110,0.02243828773498535,127
34322,0.03596925735473633,165
66486,0.041880130767822266,215
42148,0.0538482666015625,340
15994,0.09895873069763184,1525
18104,0.044101715087890625,181
35528,0.14365029335021973,2416
35238,0.14362168312072754,1570
37344,0.07378077507019043,499
29222,0.29659390449523926,3220
45442,0.05679488182067871,532
41546,0.4647641181945801,3724
46362,0.05175185203552246,368
32228,0.046914100646972656,198
13598,0.03554677963256836,176
28626,0.07589507102966309,937
47260,0.03690528869628906,183
19908,0.05090522766113281,253
34930,0.032943010330200195,150
27420,0.038162946701049805,135
18094,0.02693486213684082,103
14186,0.031911373138427734,96
22018,0.03988051414489746,224
37648,0.04611349105834961,166
20204,59.21899724006653,603272
63784,0.037930965423583984,372
34640,0.04900074005126953,216
9974,28.793222665786743,585630
25626,0.02592182159423828,144
34332,0.05331707000732422,153
28314,28.303428649902344,278866
7570,0.017952442169189453,79
14202,0.03092479705810547,120
28316,0.016238927841186523,124
14196,0.03036355972290039,201
31938,0.04308152198791504,292
30136,0.03789663314819336,228
61976,0.09226083755493164,713
19594,0.026557445526123047,103
25610,0.019447803497314453,118
19004,0.038584232330322266,114
22014,1.8757028579711914,36851
37940,0.03477311134338379,167
26522,0.04113006591796875,184
21714,0.7529556751251221,9320
55064,0.05319786071777344,283
43350,0.6354904174804688,8168
48750,31.1694118976593,443427
27726,0.02393174171447754,142
25616,0.03607678413391113,130
55666,0.02691197395324707,186
20810,13.328022003173828,252535
30434,0.2649118900299072,3687
23514,0.05109763145446777,331
37340,0.03803443908691406,181
23512,0.0658113956451416,625
16000,37.32984375953674,585323
15390,0.9904356002807617,12406
60176,0.03390336036682129,211
67692,0.05587339401245117,245
14800,0.031764984130859375,129
35842,0.04779386520385742,184
25016,0.05779099464416504,588
40350,0.05270695686340332,272
28022,0.0209500789642334,169
41558,0.09491467475891113,554
24420,0.03191089630126953,133
31628,0.5008447170257568,4424
40346,0.02378249168395996,198
36746,0.04373884201049805,159
35836,0.03788876533508301,144
25626,0.03684401512145996,146
28326,0.039856672286987305,135
37342,0.2746851444244385,2411
27118,0.033885955810546875,131
17804,0.026741981506347656,110
7572,0.023943185806274414,77
25928,0.04253721237182617,157
15684,0.024977922439575195,93
24122,0.03840780258178711,225
25308,0.029877901077270508,126
52660,0.37039732933044434,4378
28322,5.58524751663208,107718
9386,0.025770902633666992,115
42152,0.01984095573425293,160
54772,0.06486821174621582,611
27120,0.02493000030517578,135
32224,0.021865129470825195,187
36738,1.2402074337005615,21646
37946,0.04682588577270508,273
26518,0.04691576957702637,311
31636,1.6711232662200928,30897
12082,0.025595664978027344,97
22916,0.7269244194030762,12376
58372,0.06463360786437988,335
29524,0.06715607643127441,508
33134,0.043892621994018555,233
35544,0.0417325496673584,200
22620,0.02072000503540039,245
31926,0.03885960578918457,344
22006,0.03174424171447754,133
35834,0.033948659896850586,163
27420,38.867226123809814,472180
11494,0.019945621490478516,102
48454,1.8628218173980713,25248
18102,0.030908823013305664,115
17206,0.019779205322265625,152
17796,0.8828356266021729,13343
20808,0.034913063049316406,140
22610,0.02692270278930664,119
32830,0.03294181823730469,149
22616,0.01471400260925293,131
44554,0.026757001876831055,223
24714,0.03074026107788086,134
17802,0.018401384353637695,213
18706,0.03187918663024902,244
36140,0.022948503494262695,162
12386,0.028759479522705078,100
23802,0.030958890914916992,116
21414,0.02988147735595703,147
35544,0.042714595794677734,274
32834,0.014963865280151367,147
30734,0.03491568565368652,146
35534,0.044002532958984375,321
31634,0.03490114212036133,149
38838,0.03191375732421875,191
30122,0.02088189125061035,185
37640,0.03675484657287598,197
31630,0.027913808822631836,146
44554,0.23342323303222656,2080
22918,0.040897369384765625,226
27124,0.03688335418701172,243
36740,6.786363363265991,125778
39748,0.04184699058532715,221
13302,0.03309202194213867,114
26516,0.20651888847351074,1996
25318,0.02090907096862793,174
34932,0.036821603775024414,146
17504,0.03290510177612305,124
29214,0.02554011344909668,239
12380,0.025403738021850586,143
36440,0.16490626335144043,2682
24108,0.017772436141967773,136
31930,0.02478766441345215,144
42150,0.03803372383117676,194
12980,1.0918638706207275,19220
31632,0.03754854202270508,156
19600,0.03011035919189453,117
14500,0.03236722946166992,130
27116,0.04076790809631348,234
6364,0.02098679542541504,70
37642,0.07192349433898926,1093
12394,0.028914928436279297,106
38240,0.03193521499633789,172
47560,0.03943824768066406,176
44854,0.04483389854431152,188
34936,0.04791712760925293,377
17498,0.04020333290100098,265
36432,0.04569268226623535,283
42446,0.0209500789642334,183
18410,0.029979467391967773,124
38540,0.03293967247009277,174
7872,48.58965349197388,648501
26824,0.022792577743530273,160
23208,0.046747446060180664,266
12392,0.027573585510253906,103
12996,0.035909414291381836,185
45156,0.27427196502685547,4609
7274,0.0163729190826416,143
30728,2.650036334991455,33926
25916,0.02846384048461914,141
38246,0.03390359878540039,161
74290,0.045623779296875,228
34640,0.6266865730285645,5469
28326,0.03092336654663086,138
37338,0.03527665138244629,163
20508,0.03630495071411133,125
19006,0.0319066047668457,141
13594,0.015958547592163086,112
34326,0.03287625312805176,144
62576,0.05968451499938965,284
21410,0.060880184173583984,852
20810,9.091755867004395,90869
14192,0.026882410049438477,102
11170,0.024529695510864258,76
24124,0.27889347076416016,2380
22316,0.04274797439575195,300
36434,0.042824506759643555,188
52370,0.03690814971923828,183
30730,0.04286813735961914,137
22916,0.03490710258483887,157
22316,0.03286314010620117,124
27418,0.20131301879882812,1706
43050,12.707284927368164,134037
15996,0.02492547035217285,153
45742,2.041900873184204,33172
55370,0.08181953430175781,808
26826,0.19689536094665527,2997
33740,0.584740161895752,5583
32236,0.06686067581176758,413
19308,12.836241245269775,177173
19008,0.010971307754516602,115
38550,0.04201769828796387,179
32532,0.02128124237060547,167
36138,0.04787755012512207,175
21108,0.029856443405151367,130
57476,0.04408001899719238,231
29530,0.5855216979980469,5173
26522,0.03489947319030762,149
20510,0.044667720794677734,369
18404,0.024118423461914062,118
14790,0.6191742420196533,12920
9086,0.022954463958740234,93
13600,0.027434110641479492,112
22912,0.025136709213256836,147
62882,0.44837379455566406,7482
81202,0.03293919563293457,228
31320,0.030878543853759766,128
22020,0.02870631217956543,134
11190,0.035947322845458984,98
34016,1.1983911991119385,13974
32238,0.02857804298400879,159
28924,0.02791738510131836,134
21116,0.02693772315979004,134
37950,0.4989926815032959,9825
34038,4.7379279136657715,70667
17798,0.019988298416137695,113
16000,0.03498554229736328,113
11784,0.024876117706298828,126
43054,2.3677847385406494,38956
55370,0.022976398468017578,187
27726,0.031801462173461914,137
29828,0.03286600112915039,138
59276,0.15869474411010742,1491
23216,0.0259246826171875,123
33140,0.3061845302581787,5309
22308,7.714510679244995,146374
29534,0.026944875717163086,155
26220,0.03094625473022461,153
43952,0.02398371696472168,231
44836,0.035196542739868164,176
33430,0.028914928436279297,200
28920,0.050902366638183594,265
29232,1.6511435508728027,18819
17190,0.027931928634643555,101
36744,0.03992104530334473,223
26810,0.015921592712402344,128
12696,0.02431654930114746,101
23212,0.028797626495361328,121
33134,0.030959606170654297,150
26212,0.028509140014648438,290
45752,0.0538935661315918,412
32230,0.11871719360351562,933
33434,0.78293776512146,14431
29232,0.03593277931213379,142
43656,0.07779788970947266,602
36434,1.4599123001098633,16396
3354,0.018893718719482422,61
33434,0.022290468215942383,193
50570,30.76646137237549,572901
38838,0.0329442024230957,166
55370,0.0439295768737793,193
47854,0.04384493827819824,182
30424,3.6690518856048584,59033
18406,0.06182861328125,595
9984,0.02992701530456543,92
22912,0.042891740798950195,353
43948,0.050890445709228516,195
44258,0.04067873954772949,178
12076,0.015958547592163086,82
23816,0.0317690372467041,138
34640,1.3989453315734863,17022
11194,0.027768611907958984,104
12698,0.03490161895751953,168
31032,0.039717674255371094,404
30138,0.03494548797607422,149
23218,6.681504249572754,63772
18698,0.03590965270996094,233
31030,0.01762866973876953,232
27704,0.02220630645751953,194
41538,0.05288815498352051,422
44556,0.035727739334106445,169
26826,1.3546843528747559,17394
47860,0.027956485748291016,171
47260,36.31544280052185,532156
22914,0.03195476531982422,178
24116,0.10361361503601074,1169
12698,4.308733940124512,78662
25928,0.019942045211791992,140
36736,2.237274408340454,39766
6974,11.873693227767944,139266
46960,0.04192161560058594,241
15402,0.025936126708984375,119
37040,0.06781268119812012,442
37346,0.07843852043151855,588
46056,0.023139238357543945,175
37336,0.06582260131835938,378
21718,0.03171229362487793,137
42140,0.02155447006225586,181
6052,5.454442262649536,92147
34324,0.026891708374023438,137
7570,0.8631939888000488,17476
9374,0.019420385360717773,83
30414,0.028329133987426758,131
30432,0.04089951515197754,169
12998,0.028743505477905273,111
9370,0.015152931213378906,77
44558,0.3675816059112549,2849
12678,0.021934032440185547,90
46350,12.602851390838623,184325
34340,0.03078484535217285,177
26818,0.02193140983581543,137
24722,0.026955842971801758,137
23514,0.028928518295288086,124
26220,0.10261154174804688,1733
8174,0.4145796298980713,4879
47860,0.331068754196167,3011
30722,0.029911279678344727,161
37330,15.599075078964233,176791
3054,0.02279067039489746,61
28928,0.03487062454223633,341
41544,0.2642030715942383,4512
31940,0.05485868453979492,157
14790,42.79654502868652,473462
41550,0.038930654525756836,280
22620,0.0269315242767334,132
27714,0.1849513053894043,1526
60482,0.045714378356933594,236
46662,0.035790205001831055,191
18998,0.023331642150878906,110
25624,0.03890371322631836,158
39750,0.09372758865356445,952
17506,0.14855408668518066,1257
22022,0.09432458877563477,1088
17804,0.042537689208984375,229
19608,0.029439449310302734,119
36442,0.045922279357910156,228
9382,0.025421142578125,97
34336,0.03447866439819336,189
27728,0.024203777313232422,143
60472,0.17632126808166504,2137
28328,0.06903767585754395,666
25622,0.03388333320617676,172
35238,0.031778812408447266,152
42746,1.0481102466583252,8875
34336,0.034935712814331055,159
15392,0.022933483123779297,104
38546,0.09780430793762207,1095
25322,0.49466896057128906,10598
36144,0.039778709411621094,168
22012,0.0875997543334961,757
14494,0.013647079467773438,100
24108,9.30289912223816,92151
36134,33.576493978500366,587995
40946,0.2462160587310791,5181
25328,0.16469025611877441,2270
46060,0.04273796081542969,182
19304,0.025935888290405273,154
40046,0.0339505672454834,159
15092,0.03489971160888672,104
18414,0.013546943664550781,137
21102,0.030209064483642578,129
34628,0.040985107421875,416
38242,0.06003713607788086,310
24410,0.026937007904052734,116
48456,0.06373286247253418,449
9376,0.03185558319091797,186
35230,0.039708614349365234,206
11186,0.03670787811279297,281
21108,0.033905744552612305,118
17798,0.03470277786254883,172
49958,0.07181262969970703,470
46354,0.049431800842285156,194
16902,0.02624964714050293,140
26520,0.07268595695495605,496
48460,0.059865474700927734,322
9082,0.024168729782104492,90
62582,0.04992103576660156,240
75496,0.0679171085357666,466
15104,0.029497861862182617,114
14786,0.024370431900024414,103
40650,0.0420985221862793,226
32832,3.879333734512329,51776
19012,4.652307033538818,66948
20812,0.026875734329223633,259
34940,0.043859243392944336,207
40350,0.08088350296020508,560
15400,2.781604290008545,31218
62580,0.04475593566894531,257
24422,0.04375171661376953,129
8778,0.08875036239624023,1171
50562,0.04448246955871582,205
16588,0.7814662456512451,12479
29834,0.022753477096557617,204
36444,0.02707982063293457,255
9686,2.514866590499878,29316
35234,10.215071678161621,88288
28022,0.03646039962768555,220
20208,0.10870218276977539,1364
8478,0.05186796188354492,447
9682,0.03799128532409668,93
27422,0.5301916599273682,5420
20516,0.03019571304321289,123
58372,0.07181572914123535,660
17802,0.02788853645324707,110
5464,0.018043994903564453,71
34636,0.08633613586425781,1010
48462,0.17728519439697266,1457
25006,0.5859177112579346,5710
6972,0.013470649719238281,84
37344,0.07181525230407715,488
19000,0.05769085884094238,540
28028,0.05212521553039551,425
47552,9.317211627960205,181250
22912,0.021960973739624023,135
22020,0.032964468002319336,137
17788,1.877589225769043,36379
15998,0.025935888290405273,126
64984,0.051104068756103516,230
11788,0.026761293411254883,96
42746,0.1934671401977539,2288
26520,0.047818660736083984,357
27722,0.020760059356689453,131
39134,0.031909942626953125,142
26822,0.0516970157623291,471
35240,0.02394390106201172,200
46658,0.03796577453613281,221
10276,0.8088161945343018,9549
15694,0.04986381530761719,402
37038,4.830505847930908,44517
25614,0.03476905822753906,144
16302,0.03990578651428223,111
25922,0.0335545539855957,346
29514,0.03432655334472656,136
28028,0.03493857383728027,201
28932,0.0317842960357666,147
31334,0.03890252113342285,146
27124,0.035924673080444336,172
28626,3.0331919193267822,28529
36738,0.03609013557434082,146
30124,0.05681157112121582,361
12090,0.027847766876220703,111
26226,0.018902301788330078,147
24712,0.9275650978088379,9364
20214,0.023940324783325195,124
46354,0.04388427734375,196
18096,0.06562209129333496,593
35244,0.0219724178314209,192
46356,7.6876232624053955,106434
40646,0.2765979766845703,3765
28330,0.41761064529418945,3443
34644,0.028962373733520508,159
34938,0.11723828315734863,909
20204,0.03690958023071289,175
19610,0.02574634552001953,136
22916,0.030920028686523438,136
5768,0.019953012466430664,73
32540,0.04891371726989746,337
27724,0.7288093566894531,6930
31926,0.02095198631286621,142
12388,0.024770498275756836,107
15392,0.03463935852050781,182
40944,0.26487207412719727,3609
26226,0.8758304119110107,17553
25622,0.03290748596191406,267
44846,2.3995442390441895,25089
21110,0.02786540985107422,147
14490,0.1505897045135498,1410
13896,0.03591132164001465,108
9682,0.03671431541442871,326
55056,0.0428624153137207,259
34034,0.031958580017089844,158
20516,0.03722095489501953,376
14496,0.5497441291809082,11151
10282,0.02292943000793457,87
9084,0.027733802795410156,93
40044,0.13363885879516602,1003
32524,0.04340386390686035,255
16298,0.03949594497680664,267
9380,0.03488564491271973,125
41554,0.28677892684936523,2536
20784,0.023412227630615234,90
4566,0.00963139533996582,77
31034,10.415657043457031,157832
62574,0.15062999725341797,1498
31032,0.11829137802124023,1216
13592,0.023975849151611328,126
41252,0.03594708442687988,162
9384,0.023804903030395508,95
13298,0.286179780960083,3117
35240,4.497054576873779,88909
28924,0.03393983840942383,141
33428,0.03433060646057129,156
25022,6.85068154335022,132894
7272,0.018788814544677734,79
29824,1.1288197040557861,10969
35534,0.033792734146118164,145
25610,0.03176474571228027,117
47260,0.10572290420532227,847
6066,0.006876468658447266,73
17194,0.01677680015563965,100
62872,0.05474543571472168,356
31026,0.12495231628417969,991
10872,0.025806903839111328,77
21416,18.1656231880188,188576
22018,0.028913497924804688,153
13282,0.02345728874206543,90
18106,0.03591442108154297,129
32230,0.03845477104187012,221
25920,0.048735857009887695,317
29826,0.6429848670959473,7758
25620,0.03773093223571777,174
30722,1.5833539962768555,30204
34342,0.030879735946655273,150
32536,0.022502899169921875,265
18400,0.03893923759460449,136
28928,0.03411531448364258,145
67086,0.04454970359802246,229
29528,0.035399675369262695,172
25914,0.2422504425048828,3187
33438,0.18834185600280762,2911
58072,0.04367208480834961,202
24418,0.05283403396606445,358
17198,0.032920122146606445,104
42450,0.10182309150695801,1213
48758,0.0467228889465332,264
22914,43.40545868873596,855424
26220,0.04572129249572754,257
49060,0.04790329933166504,320
17208,0.2835123538970947,3233
30738,0.03402853012084961,148
50250,0.03793597221374512,199
14804,0.03956270217895508,133
22624,0.03391385078430176,138
16000,0.032912254333496094,133
15390,0.009663581848144531,102
3962,0.009557247161865234,68
33426,0.1408984661102295,2224
31932,3.9876222610473633,64765
23820,0.054724931716918945,506
24716,0.017785072326660156,147
18706,0.03108668327331543,116
43052,0.04175400733947754,186
24416,0.028836488723754883,135
6662,0.021936655044555664,69
35536,0.04067206382751465,263
15994,0.032730817794799805,138
40950,0.036849260330200195,173
23216,0.05012011528015137,330
11480,0.024802446365356445,86
23812,0.030944347381591797,146
32834,0.038072824478149414,170
26226,0.05584836006164551,535
41248,0.04453706741333008,179
27120,0.1075890064239502,1855
41850,0.03977060317993164,174
47258,0.048906803131103516,187
44856,0.3061869144439697,3151
30424,0.04027223587036133,252
7874,0.01592111587524414,139
26226,0.0366206169128418,143
34036,0.03889179229736328,172
21716,0.02881336212158203,278
58376,0.04631376266479492,213
46360,0.03775215148925781,213
31634,2.801424741744995,63459
9988,0.02676701545715332,105
25908,0.03393983840942383,146
16308,0.012527942657470703,132
26518,16.180219411849976,295542
40950,0.03183293342590332,175
27714,0.030907154083251953,126
40046,0.045710086822509766,317
32836,0.2851073741912842,2330
30118,0.029885053634643555,146
4564,0.019351720809936523,70
51468,0.04990673065185547,207
49356,0.06555533409118652,483
18694,0.7648677825927734,13949
21402,0.028864145278930664,129
37628,8.585218906402588,138708
56568,0.14564061164855957,1201
26220,0.04358196258544922,179
25912,0.03645515441894531,143
7578,0.02564215660095215,88
50266,0.07483744621276855,584
37644,0.11927604675292969,1799
34944,0.058637142181396484,609
22314,0.027856111526489258,142
32236,0.03962135314941406,176
46356,0.045874595642089844,438
31934,0.03802371025085449,253
24398,0.04189753532409668,241
32834,0.04168343544006348,223
47562,0.19945073127746582,1927
24716,0.03612780570983887,125
34336,0.04601025581359863,317
37046,0.02988743782043457,163
40950,0.07207512855529785,503
14500,0.029054641723632812,106
30424,0.19642281532287598,2109
6972,0.02552628517150879,81
20212,0.02496480941772461,128
24112,3.61395263671875,59877
24716,0.017906904220581055,125
23220,0.041802167892456055,127
13888,0.0339055061340332,206
16894,0.3792259693145752,5590
14488,44.75625205039978,766797
26222,0.018947601318359375,133
42744,0.05313301086425781,356
22608,1.9989888668060303,25561
42444,0.03294515609741211,350
28322,0.01971721649169922,135
45756,0.04192996025085449,193
23508,0.026956558227539062,241
25324,0.034506797790527344,152
31932,0.03577995300292969,188
34340,0.032941341400146484,153
39146,0.03860664367675781,206
29530,0.05086684226989746,139
37040,0.577678918838501,11711
24122,0.019310712814331055,129
36424,0.4827091693878174,4976
37046,0.0367283821105957,182
46656,0.048081398010253906,236
52064,0.03690052032470703,335
14800,0.026068449020385742,109
16894,0.02394413948059082,111
22310,0.014815568923950195,132
20506,0.04476642608642578,122
12686,0.02831864356994629,118
65584,0.12801218032836914,1244
41246,0.05585837364196777,351
3968,4.500798225402832,57325
26520,0.05769991874694824,482
19604,0.26129627227783203,3489
20808,0.13941454887390137,1331
30730,48.39751744270325,672211
21712,0.035375356674194336,173
42752,0.03793740272521973,191
20208,0.06776618957519531,600
21412,0.054882049560546875,239
64078,0.05491828918457031,299
25620,0.06845641136169434,688
15096,0.030961990356445312,117
9386,1.1493606567382812,12975
29526,0.02692890167236328,200
27732,0.04491901397705078,250
35534,0.03294229507446289,161
14794,0.03291130065917969,100
67384,1.2639384269714355,14089
35542,0.031957387924194336,155
26524,2.8922367095947266,63533
24114,0.08471488952636719,750
42152,0.04491901397705078,171
11792,0.02292633056640625,112
23804,0.025359153747558594,120
16310,0.0503842830657959,512
14200,0.06581354141235352,861
17506,7.79754376411438,116758
25622,0.03413653373718262,133
37642,0.036894798278808594,197
23218,0.015848636627197266,128
47260,0.04183197021484375,177
17198,0.029344558715820312,168
38546,0.04589509963989258,200
35846,0.035943031311035156,175
16608,1.661116123199463,17634
31324,0.03286409378051758,135
23516,0.8882224559783936,16585
32528,0.0947422981262207,1189
41840,0.5411624908447266,10463
17808,0.02202916145324707,219
49662,0.04784369468688965,243
47556,0.038936614990234375,168
50256,0.04292607307434082,207
31030,0.030910491943359375,159
30422,0.037555694580078125,135
50260,0.046988487243652344,190
54168,0.04484248161315918,177
29526,0.033902645111083984,134
53562,0.05515575408935547,302
12388,52.7882182598114,842212
15996,0.29244017601013184,4855
40052,0.2293834686279297,1980
31636,0.035782814025878906,174
36744,0.03982973098754883,171
28626,0.03790473937988281,132
39746,3.009664535522461,41267
27410,0.04610037803649902,364
14480,0.01792454719543457,98
50866,0.055487871170043945,282
27430,0.10276436805725098,1645
54162,3.736225128173828,44685
17508,0.01196742057800293,122
38540,0.079742431640625,633
22618,0.04457211494445801,177
8772,33.537862062454224,417826
21690,0.023808956146240234,100
9080,0.025757551193237305,88
42440,0.10569882392883301,1947
22008,0.03649258613586426,195
25628,0.03293466567993164,144
31626,0.11265015602111816,1342
32236,0.03761458396911621,150
20502,0.026526927947998047,113
43954,0.04190635681152344,209
12980,0.02775859832763672,110
33428,0.16357159614562988,2160
34630,0.01301717758178711,148
18404,0.029541730880737305,168
13884,1.4754045009613037,22991
52964,1.538956880569458,29291
15104,0.03591108322143555,145
54168,0.041147708892822266,403
34940,0.038925886154174805,329
14786,0.03209257125854492,94
20210,0.03889203071594238,344
32230,0.03890180587768555,153
13292,0.03177380561828613,146
19600,18.093183279037476,197314
39446,0.050766706466674805,356
29528,0.6877319812774658,15033
19602,0.02707648277282715,133
19312,0.03694319725036621,199
40654,0.03574085235595703,175
23816,0.04782700538635254,339
31034,0.09593510627746582,1203
47258,19.346673727035522,180528
40330,0.031920433044433594,176
46660,0.054800987243652344,421
55374,0.038901567459106445,185
58676,0.2477107048034668,1766
30132,0.043886423110961914,202
15690,0.025439739227294922,101
22314,0.02504563331604004,181
24722,0.03559374809265137,128
3950,0.018939733505249023,57
28324,0.05394721031188965,481
22618,0.03669381141662598,202
11180,0.024250268936157227,98
31028,0.044838905334472656,257
24120,0.031449317932128906,167
7274,0.021936416625976562,80
26228,0.981285572052002,10209
34936,0.06662249565124512,354
54468,0.0511014461517334,277
30128,0.047852516174316406,631
23818,0.03203535079956055,188
43952,0.06609272956848145,568
44850,0.05396223068237305,401
35538,0.042554616928100586,166
11788,0.03153204917907715,96
58372,0.08368968963623047,1026
19300,0.04387688636779785,292
19306,0.03993511199951172,127
37646,0.04787898063659668,194
47258,11.419422626495361,213375
5770,0.02394390106201172,76
21418,0.03491401672363281,131
46358,0.03589057922363281,229
56568,0.08306050300598145,538
31330,0.18109917640686035,2714
43058,0.04088568687438965,190
39446,0.0207672119140625,153
17510,0.012969732284545898,123
42146,0.030945539474487305,155
37046,0.038899898529052734,192
19306,0.032906532287597656,124
31330,1.5672118663787842,14725
15396,0.06581449508666992,571
29226,0.03822779655456543,140
31936,0.04573774337768555,168
20514,0.03689408302307129,153
22304,0.15816497802734375,1436
31032,0.029050827026367188,150
35534,0.03506803512573242,170
25024,0.02494525909423828,234
55974,0.046911001205444336,217
27716,0.01129460334777832,126
45440,0.03518986701965332,158
46658,26.20874047279358,462707
13890,0.020951509475708008,100
58064,56.394243478775024,1113370
12390,0.9938921928405762,16822
28326,0.017960786819458008,142
49064,0.04690265655517578,220
25924,0.0327153205871582,157
30416,1.0523383617401123,14796
24420,0.033779144287109375,135
18704,0.02895498275756836,111
13290,0.015996932983398438,138
26516,0.04572582244873047,303
9980,0.017583608627319336,87
22616,0.027973651885986328,129
36746,0.03967118263244629,187
39142,0.020708322525024414,191
11790,1.5286433696746826,26316
26220,5.356220006942749,72676
33436,0.03600168228149414,186
23812,0.013426780700683594,125
14198,0.030805349349975586,106
40648,0.07267594337463379,412
25318,0.022328615188598633,135
22610,0.044211387634277344,220
30434,0.03492474555969238,151
20202,0.021947383880615234,107
42454,0.04388856887817383,168
26520,0.05687761306762695,330
5764,0.02274775505065918,77
37934,0.06368041038513184,605
49364,0.18941831588745117,3204
31334,0.03989911079406738,153
55364,0.06685304641723633,1092
43952,0.07977604866027832,516
26826,0.0309600830078125,154
12386,0.02694082260131836,93
31332,0.03478693962097168,144
8176,0.025977134704589844,93
12998,0.03290200233459473,114
25620,0.0339353084564209,145
4262,0.010978221893310547,67
24716,30.12455129623413,604811
46964,0.07277822494506836,555
22618,0.28706836700439453,3051
41844,0.15117216110229492,1173
26824,0.03095531463623047,155
13298,1.6176621913909912,18668
32828,1.3720676898956299,12574
19010,0.028773784637451172,133
42450,0.48319482803344727,4891
35842,0.022942066192626953,156
25624,0.020952463150024414,152
19006,0.03410673141479492,112
43948,0.0568845272064209,572
49064,0.09663081169128418,1199
22012,0.8005146980285645,8418
17506,0.0458831787109375,430
29526,10.562152862548828,103051
7572,0.019942522048950195,87
32534,0.03739500045776367,152
63172,0.12949442863464355,1025
21708,0.03775620460510254,118
21710,49.580488204956055,926080
53560,0.034911394119262695,188
47254,32.31749606132507,468977
29524,0.0279238224029541,130
50560,0.04296255111694336,183
24424,0.0868082046508789,1072
23818,0.046883583068847656,350
30418,0.0497283935546875,190
12090,0.03194403648376465,113
21106,0.03567171096801758,132
6672,1.789673089981079,28463
23514,0.03888058662414551,189
38844,0.06532955169677734,478
29828,0.033498287200927734,150
9682,0.025858640670776367,111
10886,0.022954940795898438,97
51760,0.034946441650390625,203
13294,0.02786731719970703,104
59274,0.07183265686035156,418
24416,0.031501054763793945,149
28326,0.030546188354492188,138
47556,0.31726694107055664,3517
33136,0.7426769733428955,17570
29534,0.03589940071105957,152
33742,0.043939828872680664,223
35238,0.027760744094848633,151
67080,0.04720139503479004,210
19004,0.028766393661499023,122
29538,0.03408956527709961,259
30420,0.46775054931640625,5745
36132,0.035828351974487305,141
34930,9.456883192062378,100939
31932,0.028928041458129883,156
34014,0.025363683700561523,225
49968,0.6825253963470459,8656
29524,0.016985654830932617,140
17498,1.1979141235351562,21886
44250,1.2255008220672607,24377
28022,0.03391885757446289,138
32534,0.024483680725097656,230
26822,0.030787229537963867,141
19008,0.03379201889038086,137
7276,0.01396942138671875,89
46054,13.091104507446289,109060
37044,0.08181619644165039,1471
23222,0.03069138526916504,132
66484,0.04189467430114746,202
24416,0.08660483360290527,648
26226,0.029810667037963867,138
37938,0.0568385124206543,301
28930,0.10335707664489746,1040
24412,0.015806913375854492,124
16906,0.02596426010131836,120
32520,0.02193927764892578,136
38550,0.023932695388793945,189
19910,0.019383668899536133,121
10570,0.020747661590576172,78
32834,20.582493782043457,397481
34942,0.026928424835205078,176
26520,1.5297131538391113,21129
42456,0.024568796157836914,183
40046,0.0509037971496582,256
25620,26.603108167648315,316597
22610,0.028951406478881836,201
39446,0.06685113906860352,440
31632,0.10871386528015137,1170
28326,0.9308288097381592,15263
18106,0.023923635482788086,116
28322,0.04086780548095703,172
28924,0.029026508331298828,237
22906,0.03294086456298828,119
42450,4.048466205596924,47351
48162,0.04186511039733887,191
57476,0.05487775802612305,410
44848,0.1326897144317627,1758
32236,0.03481149673461914,161
22918,0.02958059310913086,350
15098,0.031903982162475586,106
37944,0.07213521003723145,450
10872,0.006518363952636719,81
24422,0.0370941162109375,148
47260,0.0470128059387207,245
39446,8.436214208602905,73403
37342,0.034902334213256836,325
31938,0.9964034557342529,19416
36744,0.6363744735717773,6244
44554,0.036907196044921875,171
18702,0.02576136589050293,140
14200,0.03110814094543457,129
33128,0.024819135665893555,148
15986,0.025788068771362305,95
78202,0.07480883598327637,663
36138,0.37004780769348145,3312
16300,46.362387895584106,864329
16894,0.02288031578063965,102
30428,0.2898895740509033,3254
38542,0.10875582695007324,822
11492,0.030585289001464844,104
13596,10.59577989578247,121418
18104,0.028150320053100586,112
8178,0.02573990821838379,141
9386,0.019005298614501953,94
13586,0.015396833419799805,91
46060,0.06092405319213867,358
34338,0.030953168869018555,153
15998,0.026937007904052734,107
26224,0.03587603569030762,147
23512,0.03292393684387207,122
28330,0.10255551338195801,1036
21416,0.032906293869018555,140
26820,8.712280750274658,80265
12686,0.020936250686645508,102
14490,0.02693915367126465,103
40948,0.05486130714416504,341
54160,0.8666951656341553,7809
16292,8.24162244796753,161358
36742,0.03180074691772461,160
18406,0.029948711395263672,143
39142,1.1000993251800537,14543
31628,3.499948501586914,35507
35230,0.2473433017730713,2122
11480,0.021725177764892578,88
42450,0.040791988372802734,185
15102,0.02896261215209961,119
21710,0.028919696807861328,162
13902,0.027891874313354492,124
45150,0.05190682411193848,460
28628,0.04375290870666504,265
35840,0.04890179634094238,393
18702,13.256556510925293,259031
3954,0.02498006820678711,59
42142,0.04192948341369629,194
40646,0.10716009140014648,1562
48760,1.4371721744537354,20297
30730,0.07076430320739746,670
21406,0.034950971603393555,201
51470,0.0429227352142334,251
11780,0.02338862419128418,86
31336,0.046919822692871094,201
13890,46.241093158721924,704465
45154,29.07375955581665,287949
24412,0.07064366340637207,544
24724,0.03589797019958496,132
44856,0.04554891586303711,197
19006,0.028916358947753906,124
42756,0.03942108154296875,170
18410,0.025884628295898438,136
14194,0.6459972858428955,10921
38246,0.07884359359741211,575
26818,0.032387495040893555,188
23514,0.027736186981201172,123
21714,0.041717529296875,349
15392,0.031911373138427734,100
29224,0.028927326202392578,135
17198,1.6465365886688232,34066
23522,0.07184934616088867,528
59274,0.04246187210083008,206
9078,0.16614127159118652,2734
12092,0.031323909759521484,122
16006,0.02292346954345703,204
48762,0.1109323501586914,1126
34638,0.0428924560546875,266
44250,0.03492474555969238,174
56872,0.09577417373657227,617
22014,0.04681897163391113,488
16000,0.11004376411437988,1258
6668,4.986823320388794,71860
15398,0.016953468322753906,127
47262,0.05788731575012207,285
19610,56.33119869232178,1101074
54472,0.03876924514770508,194
31632,0.04031658172607422,163
50260,0.13475584983825684,1161
13892,0.07987189292907715,741
37332,0.033780813217163086,158
47252,0.02886056900024414,259
22912,0.04070878028869629,392
23512,0.021948814392089844,119
43650,0.04388165473937988,172
50862,0.04599714279174805,191
7564,0.02095484733581543,69
28018,0.024938344955444336,137
15100,2.1444969177246094,23595
30734,0.06694149971008301,530
25026,0.039980173110961914,133
28324,0.03194546699523926,137
24422,0.026926279067993164,172
47550,0.03092050552368164,323
31034,0.03711366653442383,154
17204,0.037926435470581055,220
11490,0.8568398952484131,18239
34030,0.9672946929931641,12176
24724,1.277604103088379,15994
31018,0.022257566452026367,148
11192,0.02892136573791504,103
42148,0.039020538330078125,198
25620,1.0401735305786133,13982
15698,0.023320674896240234,108
39444,0.04290628433227539,169
45454,0.01695704460144043,174
40352,46.55602693557739,604820
24708,0.5864999294281006,8357
14790,0.024268627166748047,106
19014,0.027279138565063477,137
22310,1.0800838470458984,12521
13598,0.024878263473510742,115
41856,0.044118404388427734,222
15992,15.012694835662842,241574
42454,30.600454807281494,541750
23818,0.0269167423248291,129
22612,0.0314173698425293,133
33134,0.03648018836975098,242
17500,4.711326599121094,69728
41856,0.05438232421875,518
16602,0.03296804428100586,109
43650,1.3616225719451904,13316
20208,0.03395223617553711,166
35538,0.4117319583892822,4718
26226,0.019981861114501953,142
51766,0.04491138458251953,264
28926,0.03594231605529785,185
16600,0.03344440460205078,112
13294,0.027095556259155273,101
11788,1.1641168594360352,22671
57174,0.06682682037353516,378
44854,0.09669661521911621,1213
29810,0.06176590919494629,716
50856,0.1527557373046875,1162
62580,0.036534786224365234,197
23516,0.019012451171875,127
22310,0.12687087059020996,1540
28920,0.9366903305053711,16473
25326,0.030916690826416016,158
36446,0.0831296443939209,356
37642,0.023962974548339844,157
19910,0.037142276763916016,120
20200,0.18217825889587402,2637
13286,0.02181220054626465,94
80002,0.06086611747741699,271
22908,0.04388785362243652,219
24120,0.04291677474975586,214
26226,0.023710966110229492,180
51462,0.04172921180725098,221
17508,0.04189467430114746,118
5174,0.024960041046142578,83
21402,0.269838809967041,2507
31030,0.02931952476501465,159
20216,0.1475980281829834,2024
45758,0.09270906448364258,1112
22610,0.014755010604858398,118
22300,0.024774789810180664,123
28626,0.030879497528076172,147
14786,0.028912067413330078,101
36142,0.026927709579467773,150
31034,0.03590846061706543,153
26526,0.04495501518249512,184
18998,0.0548398494720459,414
47552,0.025628328323364258,217
27420,4.179845094680786,47396
19612,1.3723828792572021,13424
45148,0.16089725494384766,1851
35536,0.03190946578979492,156
44852,0.04178309440612793,183
22298,0.03170585632324219,105
31022,0.03585696220397949,173
38538,0.11107540130615234,1060
26522,0.03098440170288086,175
23516,0.03682565689086914,121
52064,0.0682063102722168,668
37040,0.04279470443725586,186
45156,0.021269559860229492,172
42148,0.0387272834777832,194
37336,0.042890310287475586,248
35534,0.0328981876373291,174
29532,0.33911967277526855,3442
29524,2.9844069480895996,58956
35540,0.036893367767333984,178
20812,0.015952348709106445,120
31924,0.033936262130737305,148
28022,0.0428919792175293,198
36746,0.04349184036254883,344
29224,0.02990436553955078,134
29532,0.029141664505004883,143
23516,0.02714848518371582,178
32824,0.039489030838012695,268
29518,0.03192448616027832,138
19002,0.03576040267944336,130
39432,0.03788399696350098,189
19314,0.04293203353881836,123
16898,0.4583897590637207,4726
8786,0.022345542907714844,99
55370,0.05650758743286133,320
40944,0.0603022575378418,383
18692,0.025777816772460938,100
10278,0.021952390670776367,92
21116,0.03992414474487305,136
37042,0.05289888381958008,393
39438,11.428975582122803,153344
16604,0.028925657272338867,136
21414,0.04289984703063965,149
26516,1.7773284912109375,32562
27114,0.03722095489501953,197
12696,0.043891191482543945,406
14188,0.021866321563720703,94
19008,0.027914047241210938,145
12088,0.027486324310302734,103
8168,0.008006095886230469,73
33436,59.34932231903076,1145618
14192,0.014924764633178711,104
45462,0.046431779861450195,202
40346,0.04291510581970215,191
28302,0.059879302978515625,623
7276,0.028034687042236328,163
48462,0.03626275062561035,182
46958,0.059823036193847656,474
39440,0.039859771728515625,243
16594,0.020758867263793945,104
9670,1.431276559829712,24144
24120,0.03291821479797363,171
24710,0.4686291217803955,4566
28624,0.034938812255859375,136
59282,0.06185173988342285,216
22312,0.06585025787353516,540
8776,0.03491353988647461,172
19306,0.02194976806640625,132
38546,0.5289199352264404,4939
18408,0.024425745010375977,122
19606,0.018708229064941406,120
23514,0.029848337173461914,131
28924,6.759225845336914,130794
19612,0.08487701416015625,1276
24718,0.3127007484436035,3054
52664,0.0406947135925293,191
18710,0.0322115421295166,120
30430,0.0468897819519043,259
20818,0.15369319915771484,1613
53864,0.05890035629272461,567
40952,0.03709864616394043,174
35240,0.29922938346862793,3559
15696,0.028954505920410156,108
30734,0.022426605224609375,172
34634,0.12435579299926758,1421
14486,0.05380058288574219,212
10888,0.028867244720458984,96
30126,0.031920433044433594,151
24716,0.03289031982421875,162
25320,5.853251934051514,105183
15094,0.02584552764892578,140
22020,0.034934282302856445,138
24418,0.04376101493835449,423
44240,0.049704790115356445,259
22608,2.2304060459136963,31634
31332,0.03044414520263672,150
11788,0.02498936653137207,94
26520,0.03678011894226074,143
25924,0.03849649429321289,147
25020,0.032958269119262695,138
17802,0.026869535446166992,122
32234,4.31247091293335,55512
17504,1.238940954208374,17736
73688,0.04092693328857422,235
23804,0.6426489353179932,8211
53862,0.05010628700256348,360
10570,0.026473045349121094,76
4540,0.011967182159423828,45
8782,52.09332084655762,794615
15994,0.02293229103088379,107
39140,0.04580354690551758,171
22020,0.03377223014831543,164
18406,0.018015146255493164,122
30126,0.034272193908691406,145
39150,0.03876781463623047,229
31936,0.033225297927856445,172
36738,13.141210079193115,253986
28924,6.608004570007324,63457
43356,0.05725264549255371,619
44548,0.18123531341552734,1816
18994,0.024771928787231445,106
39440,0.04002785682678223,207
23218,0.03187370300292969,133
12986,0.026914596557617188,97
11174,0.016726255416870117,80
17806,0.012411355972290039,128
30428,0.03191971778869629,362
13900,0.03190732002258301,188
16290,39.382898569107056,648858
59876,0.0408782958984375,232
33138,5.0048675537109375,57448
29224,0.02496337890625,139
22322,0.05180811882019043,278
26822,0.03280925750732422,137
16594,0.025077104568481445,102
16002,0.0355534553527832,200
31920,0.4312891960144043,5345
14488,0.0818936824798584,863
42742,0.04542803764343262,251
6072,6.229305982589722,78199
54472,0.09275078773498535,229
16306,0.026831865310668945,163
15080,0.024883031845092773,87
45158,0.033753395080566406,172
20216,0.026933908462524414,123
12396,0.10711169242858887,1052
8772,0.018910884857177734,79
17510,0.04108238220214844,156
16294,21.72641658782959,225311
31630,0.01988983154296875,148
23814,0.02778148651123047,125
56868,0.2612447738647461,2295
19310,0.03454756736755371,164
64384,0.0487062931060791,236
28626,32.50066423416138,297990
29224,0.037903785705566406,149
18398,0.020885944366455078,108
22608,0.05175328254699707,647
10580,1.0282957553863525,16656
33736,0.038123369216918945,180
19004,0.030894994735717773,132
33734,15.379798173904419,164288
27732,0.03310275077819824,149
15402,0.04546952247619629,244
9686,0.03391575813293457,92
10890,0.027218103408813477,98
12684,26.936858654022217,328338
32226,0.12869644165039062,1686
15400,0.025919198989868164,108
17202,0.030653715133666992,107
46358,0.042925119400024414,169
22312,0.04301023483276367,227
31038,0.048021793365478516,368
19316,2.175748348236084,31441
17794,0.017895936965942383,114
12088,0.017937421798706055,148
50564,0.0344545841217041,311
9376,0.023933887481689453,86
34038,0.05949139595031738,945
47560,7.007228374481201,56036
17506,0.024938344955444336,128
21110,0.03590059280395508,163
50856,0.05700063705444336,460
52062,0.05148816108703613,318
13896,0.019710540771484375,107
39750,2.2928078174591064,33952
53868,0.04189276695251465,187
12088,2.3159759044647217,36825
25924,0.09972977638244629,1235
29226,0.0427706241607666,194
16592,12.295201301574707,184678
73994,0.047905683517456055,354
23818,0.022937536239624023,141
24120,0.02787470817565918,131
28632,0.04458189010620117,324
34636,0.029898643493652344,171
43652,0.03850150108337402,175
13600,0.03591179847717285,112
28018,0.07741403579711914,568
55070,0.07277584075927734,530
54474,1.6916990280151367,13848
41248,0.2985963821411133,3309
34040,0.09253191947937012,950
21412,0.041831254959106445,295
56866,0.04759049415588379,194
41546,0.6702566146850586,6742
35236,0.15555119514465332,1596
37944,0.04395341873168945,181
16604,3.4102413654327393,35453
43356,0.04782581329345703,413
25016,0.04589700698852539,316
46660,0.036733388900756836,177
24422,0.013308525085449219,131
25918,0.029912710189819336,134
27122,0.03674912452697754,202
29530,0.02786731719970703,148
56260,0.04889798164367676,261
36142,0.04485797882080078,225
32834,0.03386878967285156,156
19906,0.029600143432617188,137
34930,0.07679891586303711,541
38546,0.8822207450866699,9412
18408,0.059815406799316406,664
27116,0.030950307846069336,214
29226,0.03135514259338379,145
22912,0.016572952270507812,131
33432,0.031922340393066406,164
14792,0.05185699462890625,322
41552,0.07181477546691895,372
5770,0.03681588172912598,81
34942,15.01117205619812,206706
14196,0.014959096908569336,153
18396,0.02189183235168457,181
28628,0.03928637504577637,187
10872,0.02597498893737793,77
25316,0.030912399291992188,166
22322,0.03491353988647461,131
21422,0.5660638809204102,7802
41248,0.03380131721496582,167
10886,0.33472394943237305,5035
37644,0.02571249008178711,177
41848,0.034932851791381836,166
31938,0.02094268798828125,157
17502,0.05377054214477539,489
28630,0.1091156005859375,1724
31328,0.044771671295166016,442
44260,0.039899587631225586,172
19000,0.03749251365661621,116
46058,0.03385210037231445,249
19606,0.23334765434265137,2408
21700,0.04388999938964844,117
38240,0.036894798278808594,169
19004,1.7504000663757324,17603
40640,0.0387728214263916,216
31934,0.029958486557006836,146
32834,0.04189467430114746,170
18412,0.010973930358886719,127
12394,0.0339205265045166,127
19010,0.02189326286315918,129
13886,0.19947433471679688,3064
26222,3.141061305999756,38894
45752,0.036647796630859375,178
5452,0.04877185821533203,246
44248,0.033788204193115234,156
27120,0.05684614181518555,405
16604,0.03167009353637695,123
9982,0.024462461471557617,103
27716,0.021121740341186523,124
25622,0.20173239707946777,1755
19004,0.03424358367919922,138
80596,0.06164884567260742,356
32528,0.061853885650634766,461
48754,0.0488123893737793,242
36746,0.039838314056396484,207
9976,0.019118547439575195,90
68886,0.07978272438049316,699
41848,0.043817996978759766,159
23518,0.017956256866455078,152
8784,0.01895427703857422,146
21104,0.03176522254943848,124
15096,0.03589153289794922,489
10874,28.92763090133667,470651
46646,0.026934146881103516,163
13898,10.953827857971191,141779
29222,2.4804060459136963,46159
6668,0.055677175521850586,773
25926,0.04358172416687012,214
17488,0.0366976261138916,171
44544,0.11267280578613281,1476
43050,0.03813600540161133,222
21714,0.1755368709564209,1734
28022,0.04288077354431152,506
47862,0.040929555892944336,186
38844,0.04376626014709473,188
54466,16.081233978271484,172986
